6.831663999999999959e+00
6.956802370000000124e+00
6.546247000000000149e+00
6.323282999999999987e+00
5.950590000000000046e+00
5.846609589999999912e+00
5.343517000000000294e+00
5.032469999999999999e+00
4.563128999999999991e+00
4.122068409999999794e+00
3.732916359999999933e+00
3.417056000000000093e+00
3.170960000000000001e+00
2.993216750000000204e+00
2.697016000000000080e+00
2.533835649999999884e+00
2.402460000000000040e+00
2.278352500000000003e+00
2.135310410000000214e+00
2.085262300000000124e+00
1.977267270000000021e+00
1.930276000000000103e+00
1.852747080000000102e+00
1.816255930000000074e+00
1.745559220000000078e+00
1.683860659999999898e+00
1.625436660000000089e+00
1.586901190000000073e+00
1.555080889999999938e+00
1.517724749999999956e+00
1.444431299999999974e+00
1.445119260000000017e+00
1.425245169999999950e+00
1.387193560000000048e+00
1.384847759999999983e+00
1.347390649999999912e+00
1.340697000000000028e+00
1.322047109999999970e+00
1.317812320000000037e+00
1.300508739999999941e+00
1.273344400000000043e+00
1.254735589999999901e+00
1.252723999999999949e+00
1.239127160000000005e+00
1.207722900000000044e+00
1.183900710000000078e+00
1.171091679999999968e+00
1.162900810000000007e+00
1.138384220000000058e+00
1.125278000000000000e+00
1.109917999999999960e+00
1.091866000000000003e+00
1.080170630000000020e+00
1.075628280000000103e+00
1.065783259999999899e+00
1.051953670000000063e+00
1.048568369999999916e+00
1.039432640000000019e+00
1.023530599999999957e+00
1.023470759999999924e+00
1.009412769999999959e+00
1.011597630000000025e+00
1.006453159999999958e+00
1.001272919999999900e+00
1.003075600000000067e+00
1.000000119999999937e+00
1.004993559999999952e+00
1.008239150000000084e+00
1.006922480000000064e+00
1.015397429999999934e+00
1.018691659999999999e+00
1.028231380000000028e+00
1.031879070000000009e+00
1.038271900000000025e+00
1.048690920000000082e+00
1.048937999999999926e+00
1.058273790000000103e+00
1.066546999999999912e+00
1.071894410000000075e+00
1.079972149999999909e+00
1.083453769999999983e+00
1.101423140000000078e+00
1.108451250000000110e+00
1.120852710000000085e+00
1.123548149999999968e+00
1.138271929999999932e+00
1.152659649999999925e+00
1.162992360000000058e+00
1.174454090000000006e+00
1.191226239999999992e+00
1.202245589999999975e+00
1.218588470000000035e+00
1.225540400000000085e+00
1.236266850000000028e+00
1.250724079999999905e+00
1.269324899999999978e+00
1.286623239999999946e+00
1.301420809999999983e+00
1.317958830000000026e+00
1.330797430000000059e+00
1.341520430000000097e+00
1.360780840000000103e+00
1.375926140000000020e+00
1.389856460000000071e+00
1.407597900000000068e+00
1.423473119999999925e+00
1.439992310000000053e+00
1.462632300000000107e+00
1.479222999999999955e+00
1.500257249999999987e+00
1.519877310000000037e+00
1.540198329999999949e+00
1.560946579999999972e+00
1.584635999999999934e+00
1.605233909999999931e+00
1.627908710000000037e+00
1.647114399999999979e+00
1.667612550000000082e+00
1.685807229999999990e+00
1.709603999999999902e+00
1.728791119999999903e+00
1.754560710000000023e+00
1.775023000000000017e+00
1.793564319999999990e+00
1.822440150000000036e+00
1.844789390000000084e+00
1.864725229999999900e+00
1.900408389999999947e+00
1.926785589999999937e+00
1.953667400000000054e+00
1.981964470000000089e+00
2.014777000000000040e+00
2.050776480000000124e+00
2.086145399999999928e+00
2.126846000000000014e+00
2.158707140000000191e+00
2.205153469999999949e+00
2.224619000000000124e+00
2.256975000000000176e+00
2.293020489999999967e+00
2.319805860000000219e+00
2.354489560000000203e+00
2.392156840000000173e+00
2.422136309999999959e+00
2.454399589999999964e+00
2.478644000000000069e+00
2.519086600000000065e+00
2.556451800000000052e+00
2.589269160000000181e+00
2.630148000000000152e+00
2.675547599999999804e+00
2.721863749999999804e+00
2.779374840000000013e+00
2.814681769999999972e+00
2.882839199999999824e+00
2.938865659999999824e+00
2.984748129999999833e+00
3.043113229999999891e+00
3.099013999999999935e+00
3.150988579999999928e+00
3.213854309999999881e+00
3.274658000000000069e+00
3.333925719999999870e+00
3.401368999999999865e+00
3.472391609999999851e+00
3.534703490000000059e+00
3.612975000000000048e+00
3.689467669999999977e+00
3.775158999999999931e+00
3.838729139999999873e+00
3.922022000000000119e+00
4.005393510000000212e+00
4.076532000000000266e+00
4.183981000000000172e+00
4.263356690000000171e+00
4.354532719999999912e+00
4.445554999999999701e+00
4.539199349999999633e+00
4.650107379999999679e+00
4.768110280000000145e+00
4.853636739999999783e+00
4.954419610000000418e+00
5.040135379999999721e+00
5.128819469999999825e+00
5.246934000000000431e+00
5.331064699999999767e+00
5.453235000000000277e+00
5.556791999999999732e+00
5.670192720000000186e+00
5.770557400000000392e+00
5.903343679999999871e+00
6.011436999999999919e+00
6.140249250000000103e+00
6.270374300000000289e+00
6.424426559999999675e+00
6.539603709999999737e+00
6.684572700000000367e+00
6.856990999999999836e+00
6.983774659999999912e+00
7.142410759999999748e+00
7.265463999999999700e+00
7.414155479999999798e+00
7.587605479999999680e+00
7.736310480000000211e+00
7.900033470000000335e+00
8.053027999999999409e+00
8.200874000000000663e+00
8.286410999999999305e+00
8.494737999999999900e+00
8.616474999999999440e+00
8.776415999999999329e+00
8.928765000000000285e+00
9.122051000000000798e+00
9.311393999999999949e+00
9.500125999999999848e+00
9.730515000000000470e+00
9.926323000000000008e+00
1.003811840000000011e+01
1.029982279999999939e+01
1.048717779999999955e+01
1.075733849999999947e+01
1.094685459999999999e+01
1.124304580000000087e+01
1.136395259999999929e+01
1.159117889999999917e+01
1.185063839999999935e+01
1.209703350000000022e+01
1.234284000000000070e+01
1.247825719999999983e+01
1.276928810000000070e+01
1.316488739999999957e+01
1.333915000000000006e+01
1.352479360000000064e+01
1.385563469999999953e+01
1.406112670000000087e+01
1.430512140000000088e+01
1.456382469999999962e+01
1.487092299999999945e+01
1.526020429999999983e+01
1.548813999999999957e+01
1.597011469999999989e+01
1.624653239999999954e+01
1.606651000000000096e+01
1.582198520000000030e+01
1.589330200000000026e+01
1.567282679999999928e+01
1.588041879999999928e+01
1.612363240000000175e+01
1.636158000000000001e+01
1.669961169999999839e+01
1.723320999999999970e+01
1.783839229999999887e+01
1.869219590000000153e+01
1.966964720000000000e+01
2.087116430000000022e+01
2.257169999999999987e+01
2.465498350000000016e+01
2.716312220000000011e+01
3.098447230000000019e+01
3.546762999999999977e+01
4.108624269999999967e+01
4.831902310000000256e+01
5.799186329999999856e+01
6.951588999999999885e+01
8.557729000000000497e+01
1.031155779999999993e+02
1.276753999999999962e+02
1.591518550000000118e+02
1.998543699999999887e+02
2.460713000000000079e+02
3.121858219999999733e+02
3.963051760000000172e+02
5.003691709999999944e+02
6.372465999999999440e+02
8.328172610000000304e+02
