6.831663999999999959e+00
6.862948592500000444e+00
6.894233185000000041e+00
6.925517777499999639e+00
6.956802370000000124e+00
6.854163527499999908e+00
6.751524684999999693e+00
6.648885842500000365e+00
6.546247000000000149e+00
6.490505999999999887e+00
6.434765000000000512e+00
6.379024000000000250e+00
6.323282999999999987e+00
6.230109750000000446e+00
6.136936500000000017e+00
6.043763249999999587e+00
5.950590000000000046e+00
5.924594897500000457e+00
5.898599794999999979e+00
5.872604692499999501e+00
5.846609589999999912e+00
5.720836442499999563e+00
5.595063295000000103e+00
5.469290147500000643e+00
5.343517000000000294e+00
5.265755249999999776e+00
5.187993500000000147e+00
5.110231750000000517e+00
5.032469999999999999e+00
4.915134749999999997e+00
4.797799499999999995e+00
4.680464249999999993e+00
4.563128999999999991e+00
4.452863852500000164e+00
4.342598705000000336e+00
4.232333557500000509e+00
4.122068409999999794e+00
4.024780397499999829e+00
3.927492384999999864e+00
3.830204372499999899e+00
3.732916359999999933e+00
3.653951269999999862e+00
3.574986179999999791e+00
3.496021090000000164e+00
3.417056000000000093e+00
3.355532000000000181e+00
3.294007999999999825e+00
3.232483999999999913e+00
3.170960000000000001e+00
3.126524187500000274e+00
3.082088375000000102e+00
3.037652562499999931e+00
2.993216750000000204e+00
2.919166562500000062e+00
2.845116374999999920e+00
2.771066187499999778e+00
2.697016000000000080e+00
2.656220912500000253e+00
2.615425824999999982e+00
2.574630737499999711e+00
2.533835649999999884e+00
2.500991737499999701e+00
2.468147824999999962e+00
2.435303912500000223e+00
2.402460000000000040e+00
2.371433125000000253e+00
2.340406250000000021e+00
2.309379374999999790e+00
2.278352500000000003e+00
2.242591977500000056e+00
2.206831455000000108e+00
2.171070932500000161e+00
2.135310410000000214e+00
2.122798382500000081e+00
2.110286355000000391e+00
2.097774327500000258e+00
2.085262300000000124e+00
2.058263542500000209e+00
2.031264785000000295e+00
2.004266027499999936e+00
1.977267270000000021e+00
1.965519452500000153e+00
1.953771635000000062e+00
1.942023817499999971e+00
1.930276000000000103e+00
1.910893770000000158e+00
1.891511540000000213e+00
1.872129310000000046e+00
1.852747080000000102e+00
1.843624292499999928e+00
1.834501504999999977e+00
1.825378717500000025e+00
1.816255930000000074e+00
1.798581752500000075e+00
1.780907575000000076e+00
1.763233397500000077e+00
1.745559220000000078e+00
1.730134580000000089e+00
1.714709940000000099e+00
1.699285300000000110e+00
1.683860659999999898e+00
1.669254660000000001e+00
1.654648659999999882e+00
1.640042659999999985e+00
1.625436660000000089e+00
1.615802792500000029e+00
1.606168924999999970e+00
1.596535057500000132e+00
1.586901190000000073e+00
1.578946114999999928e+00
1.570991040000000005e+00
1.563035965000000083e+00
1.555080889999999938e+00
1.545741854999999942e+00
1.536402819999999947e+00
1.527063784999999951e+00
1.517724749999999956e+00
1.499401387499999849e+00
1.481078024999999965e+00
1.462754662500000080e+00
1.444431299999999974e+00
1.444603289999999873e+00
1.444775279999999995e+00
1.444947270000000117e+00
1.445119260000000017e+00
1.440150737500000000e+00
1.435182214999999983e+00
1.430213692499999967e+00
1.425245169999999950e+00
1.415732267500000141e+00
1.406219365000000110e+00
1.396706462500000079e+00
1.387193560000000048e+00
1.386607109999999921e+00
1.386020660000000015e+00
1.385434210000000110e+00
1.384847759999999983e+00
1.375483482499999965e+00
1.366119204999999948e+00
1.356754927499999930e+00
1.347390649999999912e+00
1.345717237499999941e+00
1.344043824999999970e+00
1.342370412499999999e+00
1.340697000000000028e+00
1.336034527500000069e+00
1.331372055000000110e+00
1.326709582499999929e+00
1.322047109999999970e+00
1.320988412499999987e+00
1.319929715000000003e+00
1.318871017500000020e+00
1.317812320000000037e+00
1.313486425000000013e+00
1.309160529999999989e+00
1.304834634999999965e+00
1.300508739999999941e+00
1.293717655000000022e+00
1.286926569999999881e+00
1.280135484999999962e+00
1.273344400000000043e+00
1.268692197500000063e+00
1.264039995000000083e+00
1.259387792500000103e+00
1.254735589999999901e+00
1.254232692500000024e+00
1.253729794999999925e+00
1.253226897499999826e+00
1.252723999999999949e+00
1.249324789999999963e+00
1.245925579999999977e+00
1.242526369999999991e+00
1.239127160000000005e+00
1.231276095000000126e+00
1.223425030000000024e+00
1.215573964999999923e+00
1.207722900000000044e+00
1.201767352500000108e+00
1.195811804999999950e+00
1.189856257500000014e+00
1.183900710000000078e+00
1.180698452500000162e+00
1.177496195000000023e+00
1.174293937499999885e+00
1.171091679999999968e+00
1.169043962499999978e+00
1.166996244999999988e+00
1.164948527499999997e+00
1.162900810000000007e+00
1.156771662499999964e+00
1.150642514999999921e+00
1.144513367500000101e+00
1.138384220000000058e+00
1.135107665000000043e+00
1.131831110000000029e+00
1.128554555000000015e+00
1.125278000000000000e+00
1.121437999999999935e+00
1.117598000000000091e+00
1.113758000000000026e+00
1.109917999999999960e+00
1.105404999999999971e+00
1.100891999999999982e+00
1.096378999999999992e+00
1.091866000000000003e+00
1.088942157500000008e+00
1.086018315000000012e+00
1.083094472500000016e+00
1.080170630000000020e+00
1.079035042500000152e+00
1.077899455000000062e+00
1.076763867499999971e+00
1.075628280000000103e+00
1.073167025000000052e+00
1.070705770000000001e+00
1.068244514999999950e+00
1.065783259999999899e+00
1.062325862499999829e+00
1.058868464999999981e+00
1.055411067500000133e+00
1.051953670000000063e+00
1.051107345000000137e+00
1.050261019999999990e+00
1.049414694999999842e+00
1.048568369999999916e+00
1.046284437499999997e+00
1.044000505000000079e+00
1.041716572499999938e+00
1.039432640000000019e+00
1.035457130000000170e+00
1.031481620000000099e+00
1.027506110000000028e+00
1.023530599999999957e+00
1.023515639999999838e+00
1.023500679999999941e+00
1.023485720000000043e+00
1.023470759999999924e+00
1.019956262500000044e+00
1.016441764999999942e+00
1.012927267499999839e+00
1.009412769999999959e+00
1.009958984999999920e+00
1.010505199999999881e+00
1.011051414999999842e+00
1.011597630000000025e+00
1.010311512499999953e+00
1.009025395000000103e+00
1.007739277500000030e+00
1.006453159999999958e+00
1.005158100000000054e+00
1.003863039999999929e+00
1.002567979999999803e+00
1.001272919999999900e+00
1.001723589999999886e+00
1.002174259999999872e+00
1.002624930000000081e+00
1.003075600000000067e+00
1.002306729999999924e+00
1.001537860000000002e+00
1.000768990000000080e+00
1.000000119999999937e+00
1.001248480000000107e+00
1.002496840000000056e+00
1.003745200000000004e+00
1.004993559999999952e+00
1.005804957500000096e+00
1.006616355000000018e+00
1.007427752499999940e+00
1.008239150000000084e+00
1.007909982500000190e+00
1.007580815000000074e+00
1.007251647499999958e+00
1.006922480000000064e+00
1.009041217500000087e+00
1.011159955000000110e+00
1.013278692500000133e+00
1.015397429999999934e+00
1.016220987500000117e+00
1.017044545000000078e+00
1.017868102500000038e+00
1.018691659999999999e+00
1.021076590000000062e+00
1.023461520000000124e+00
1.025846449999999965e+00
1.028231380000000028e+00
1.029143302500000079e+00
1.030055224999999908e+00
1.030967147499999959e+00
1.031879070000000009e+00
1.033477277500000069e+00
1.035075485000000128e+00
1.036673692499999966e+00
1.038271900000000025e+00
1.040876654999999928e+00
1.043481410000000054e+00
1.046086165000000179e+00
1.048690920000000082e+00
1.048752690000000154e+00
1.048814460000000004e+00
1.048876229999999854e+00
1.048937999999999926e+00
1.051271947500000081e+00
1.053605895000000015e+00
1.055939842499999948e+00
1.058273790000000103e+00
1.060342092500000000e+00
1.062410395000000118e+00
1.064478697500000015e+00
1.066546999999999912e+00
1.067883852500000064e+00
1.069220704999999993e+00
1.070557557499999923e+00
1.071894410000000075e+00
1.073913845000000089e+00
1.075933280000000103e+00
1.077952714999999895e+00
1.079972149999999909e+00
1.080842554999999816e+00
1.081712959999999946e+00
1.082583365000000075e+00
1.083453769999999983e+00
1.087946112500000062e+00
1.092438454999999919e+00
1.096930797499999999e+00
1.101423140000000078e+00
1.103180167500000142e+00
1.104937195000000205e+00
1.106694222500000269e+00
1.108451250000000110e+00
1.111551615000000215e+00
1.114651980000000098e+00
1.117752344999999981e+00
1.120852710000000085e+00
1.121526569999999889e+00
1.122200429999999916e+00
1.122874289999999942e+00
1.123548149999999968e+00
1.127229094999999903e+00
1.130910039999999839e+00
1.134590984999999996e+00
1.138271929999999932e+00
1.141868859999999763e+00
1.145465789999999817e+00
1.149062719999999871e+00
1.152659649999999925e+00
1.155242827499999958e+00
1.157826004999999991e+00
1.160409182500000025e+00
1.162992360000000058e+00
1.165857792499999990e+00
1.168723224999999921e+00
1.171588657500000075e+00
1.174454090000000006e+00
1.178647127500000114e+00
1.182840164999999999e+00
1.187033202499999884e+00
1.191226239999999992e+00
1.193981077500000154e+00
1.196735915000000094e+00
1.199490752500000035e+00
1.202245589999999975e+00
1.206331309999999934e+00
1.210417029999999894e+00
1.214502749999999853e+00
1.218588470000000035e+00
1.220326452500000158e+00
1.222064435000000060e+00
1.223802417499999962e+00
1.225540400000000085e+00
1.228222012500000071e+00
1.230903625000000057e+00
1.233585237500000042e+00
1.236266850000000028e+00
1.239881157500000164e+00
1.243495465000000078e+00
1.247109772499999991e+00
1.250724079999999905e+00
1.255374284999999812e+00
1.260024489999999942e+00
1.264674695000000071e+00
1.269324899999999978e+00
1.273649484999999970e+00
1.277974069999999962e+00
1.282298654999999954e+00
1.286623239999999946e+00
1.290322632499999900e+00
1.294022024999999854e+00
1.297721417500000030e+00
1.301420809999999983e+00
1.305555314999999883e+00
1.309689820000000005e+00
1.313824325000000126e+00
1.317958830000000026e+00
1.321168479999999867e+00
1.324378129999999931e+00
1.327587779999999995e+00
1.330797430000000059e+00
1.333478180000000179e+00
1.336158930000000078e+00
1.338839679999999976e+00
1.341520430000000097e+00
1.346335532500000154e+00
1.351150635000000211e+00
1.355965737500000046e+00
1.360780840000000103e+00
1.364567164999999971e+00
1.368353490000000061e+00
1.372139815000000151e+00
1.375926140000000020e+00
1.379408720000000033e+00
1.382891300000000046e+00
1.386373880000000058e+00
1.389856460000000071e+00
1.394291820000000071e+00
1.398727180000000070e+00
1.403162540000000069e+00
1.407597900000000068e+00
1.411566705000000033e+00
1.415535509999999997e+00
1.419504314999999961e+00
1.423473119999999925e+00
1.427602917499999791e+00
1.431732714999999878e+00
1.435862512499999966e+00
1.439992310000000053e+00
1.445652307500000067e+00
1.451312305000000080e+00
1.456972302500000094e+00
1.462632300000000107e+00
1.466779975000000125e+00
1.470927650000000142e+00
1.475075325000000159e+00
1.479222999999999955e+00
1.484481562500000074e+00
1.489740124999999971e+00
1.494998687499999868e+00
1.500257249999999987e+00
1.505162265000000055e+00
1.510067279999999901e+00
1.514972294999999969e+00
1.519877310000000037e+00
1.524957565000000015e+00
1.530037819999999993e+00
1.535118074999999971e+00
1.540198329999999949e+00
1.545385392500000066e+00
1.550572454999999961e+00
1.555759517499999856e+00
1.560946579999999972e+00
1.566868935000000018e+00
1.572791290000000064e+00
1.578713645000000110e+00
1.584635999999999934e+00
1.589785477499999988e+00
1.594934954999999821e+00
1.600084432499999876e+00
1.605233909999999931e+00
1.610902609999999902e+00
1.616571309999999873e+00
1.622240010000000066e+00
1.627908710000000037e+00
1.632710132500000189e+00
1.637511555000000119e+00
1.642312977500000049e+00
1.647114399999999979e+00
1.652238937499999949e+00
1.657363474999999919e+00
1.662488012499999890e+00
1.667612550000000082e+00
1.672161220000000004e+00
1.676709890000000147e+00
1.681258560000000069e+00
1.685807229999999990e+00
1.691756422499999912e+00
1.697705614999999835e+00
1.703654807499999979e+00
1.709603999999999902e+00
1.714400780000000069e+00
1.719197560000000014e+00
1.723994339999999958e+00
1.728791119999999903e+00
1.735233517499999989e+00
1.741675915000000074e+00
1.748118312499999938e+00
1.754560710000000023e+00
1.759676282500000077e+00
1.764791854999999909e+00
1.769907427499999963e+00
1.775023000000000017e+00
1.779658329999999955e+00
1.784293659999999893e+00
1.788928990000000052e+00
1.793564319999999990e+00
1.800783277499999890e+00
1.808002235000000013e+00
1.815221192500000136e+00
1.822440150000000036e+00
1.828027459999999937e+00
1.833614770000000060e+00
1.839202080000000183e+00
1.844789390000000084e+00
1.849773349999999983e+00
1.854757310000000103e+00
1.859741270000000002e+00
1.864725229999999900e+00
1.873646019999999801e+00
1.882566809999999924e+00
1.891487600000000047e+00
1.900408389999999947e+00
1.907002689999999889e+00
1.913596989999999831e+00
1.920191289999999995e+00
1.926785589999999937e+00
1.933506042499999911e+00
1.940226495000000106e+00
1.946946947500000080e+00
1.953667400000000054e+00
1.960741667500000007e+00
1.967815934999999961e+00
1.974890202500000136e+00
1.981964470000000089e+00
1.990167602500000132e+00
1.998370734999999954e+00
2.006573867500000219e+00
2.014777000000000040e+00
2.023776869999999839e+00
2.032776740000000082e+00
2.041776610000000325e+00
2.050776480000000124e+00
2.059618710000000075e+00
2.068460940000000026e+00
2.077303169999999977e+00
2.086145399999999928e+00
2.096320549999999727e+00
2.106495699999999971e+00
2.116670850000000215e+00
2.126846000000000014e+00
2.134811285000000058e+00
2.142776570000000103e+00
2.150741855000000147e+00
2.158707140000000191e+00
2.170318722500000241e+00
2.181930304999999848e+00
2.193541887499999898e+00
2.205153469999999949e+00
2.210019852499999882e+00
2.214886234999999814e+00
2.219752617500000191e+00
2.224619000000000124e+00
2.232708000000000137e+00
2.240797000000000150e+00
2.248886000000000163e+00
2.256975000000000176e+00
2.265986372500000456e+00
2.274997745000000293e+00
2.284009117500000130e+00
2.293020489999999967e+00
2.299716832500000141e+00
2.306413175000000315e+00
2.313109517500000045e+00
2.319805860000000219e+00
2.328476785000000326e+00
2.337147709999999989e+00
2.345818635000000096e+00
2.354489560000000203e+00
2.363906380000000418e+00
2.373323200000000188e+00
2.382740019999999959e+00
2.392156840000000173e+00
2.399651707500000342e+00
2.407146575000000066e+00
2.414641442499999791e+00
2.422136309999999959e+00
2.430202130000000071e+00
2.438267950000000184e+00
2.446333769999999852e+00
2.454399589999999964e+00
2.460460692499999880e+00
2.466521795000000239e+00
2.472582897500000154e+00
2.478644000000000069e+00
2.488754650000000179e+00
2.498865300000000289e+00
2.508975949999999955e+00
2.519086600000000065e+00
2.528427900000000061e+00
2.537769200000000058e+00
2.547110500000000055e+00
2.556451800000000052e+00
2.564656140000000306e+00
2.572860480000000116e+00
2.581064819999999926e+00
2.589269160000000181e+00
2.599488870000000063e+00
2.609708580000000389e+00
2.619928290000000271e+00
2.630148000000000152e+00
2.641497900000000065e+00
2.652847799999999978e+00
2.664197699999999891e+00
2.675547599999999804e+00
2.687126637499999582e+00
2.698705674999999804e+00
2.710284712500000026e+00
2.721863749999999804e+00
2.736241522499999856e+00
2.750619294999999909e+00
2.764997067499999961e+00
2.779374840000000013e+00
2.788201572500000225e+00
2.797028304999999992e+00
2.805855037499999760e+00
2.814681769999999972e+00
2.831721127499999824e+00
2.848760484999999676e+00
2.865799842499999528e+00
2.882839199999999824e+00
2.896845814999999824e+00
2.910852429999999824e+00
2.924859044999999824e+00
2.938865659999999824e+00
2.950336277499999937e+00
2.961806894999999606e+00
2.973277512499999720e+00
2.984748129999999833e+00
2.999339404999999736e+00
3.013930679999999640e+00
3.028521954999999544e+00
3.043113229999999891e+00
3.057088422499999680e+00
3.071063614999999913e+00
3.085038807500000146e+00
3.099013999999999935e+00
3.112007645000000267e+00
3.125001290000000154e+00
3.137994935000000041e+00
3.150988579999999928e+00
3.166705012500000027e+00
3.182421445000000126e+00
3.198137877499999782e+00
3.213854309999999881e+00
3.229055232499999928e+00
3.244256154999999975e+00
3.259457077500000022e+00
3.274658000000000069e+00
3.289474929999999908e+00
3.304291860000000192e+00
3.319108790000000031e+00
3.333925719999999870e+00
3.350786539999999647e+00
3.367647359999999868e+00
3.384508180000000088e+00
3.401368999999999865e+00
3.419124652499999861e+00
3.436880304999999858e+00
3.454635957499999854e+00
3.472391609999999851e+00
3.487969579999999681e+00
3.503547549999999955e+00
3.519125520000000229e+00
3.534703490000000059e+00
3.554271367500000167e+00
3.573839245000000275e+00
3.593407122500000384e+00
3.612975000000000048e+00
3.632098167499999697e+00
3.651221334999999790e+00
3.670344502499999884e+00
3.689467669999999977e+00
3.710890502499999855e+00
3.732313334999999732e+00
3.753736167499999610e+00
3.775158999999999931e+00
3.791051535000000250e+00
3.806944070000000124e+00
3.822836604999999999e+00
3.838729139999999873e+00
3.859552354999999935e+00
3.880375569999999996e+00
3.901198785000000058e+00
3.922022000000000119e+00
3.942864877499999920e+00
3.963707755000000166e+00
3.984550632500000411e+00
4.005393510000000212e+00
4.023178132500000004e+00
4.040962755000000683e+00
4.058747377500000475e+00
4.076532000000000266e+00
4.103394250000000021e+00
4.130256499999999775e+00
4.157118750000000418e+00
4.183981000000000172e+00
4.203824922500000838e+00
4.223668845000000616e+00
4.243512767500000393e+00
4.263356690000000171e+00
4.286150697500000106e+00
4.308944705000000042e+00
4.331738712499999977e+00
4.354532719999999912e+00
4.377288290000000082e+00
4.400043860000000251e+00
4.422799429999999532e+00
4.445554999999999701e+00
4.468966087500000128e+00
4.492377174999999667e+00
4.515788262499999206e+00
4.539199349999999633e+00
4.566926357499999867e+00
4.594653364999999212e+00
4.622380372499999446e+00
4.650107379999999679e+00
4.679608104999999796e+00
4.709108829999999912e+00
4.738609555000000029e+00
4.768110280000000145e+00
4.789491895000000277e+00
4.810873510000000408e+00
4.832255124999999651e+00
4.853636739999999783e+00
4.878832457499999720e+00
4.904028175000000545e+00
4.929223892500000481e+00
4.954419610000000418e+00
4.975848552500000466e+00
4.997277495000000513e+00
5.018706437500000561e+00
5.040135379999999721e+00
5.062306402499999081e+00
5.084477424999999329e+00
5.106648447499999577e+00
5.128819469999999825e+00
5.158348102499999754e+00
5.187876734999999684e+00
5.217405367499999613e+00
5.246934000000000431e+00
5.267966675000000265e+00
5.288999350000000099e+00
5.310032024999999933e+00
5.331064699999999767e+00
5.361607274999999895e+00
5.392149850000000022e+00
5.422692425000000149e+00
5.453235000000000277e+00
5.479124249999999918e+00
5.505013500000000448e+00
5.530902750000000090e+00
5.556791999999999732e+00
5.585142180000000067e+00
5.613492360000000403e+00
5.641842540000000739e+00
5.670192720000000186e+00
5.695283890000000682e+00
5.720375060000000289e+00
5.745466229999999896e+00
5.770557400000000392e+00
5.803753970000000706e+00
5.836950540000000132e+00
5.870147109999999557e+00
5.903343679999999871e+00
5.930367009999999439e+00
5.957390339999999895e+00
5.984413670000000351e+00
6.011436999999999919e+00
6.043640062499999743e+00
6.075843125000000455e+00
6.108046187500000279e+00
6.140249250000000103e+00
6.172780512500000150e+00
6.205311775000000196e+00
6.237843037500000243e+00
6.270374300000000289e+00
6.308887365000000358e+00
6.347400430000000426e+00
6.385913495000000495e+00
6.424426559999999675e+00
6.453220847499999024e+00
6.482015134999999262e+00
6.510809422499999499e+00
6.539603709999999737e+00
6.575845957500000338e+00
6.612088205000000052e+00
6.648330452499999765e+00
6.684572700000000367e+00
6.727677275000000456e+00
6.770781850000000546e+00
6.813886424999999747e+00
6.856990999999999836e+00
6.888686914999999189e+00
6.920382829999999430e+00
6.952078744999999671e+00
6.983774659999999912e+00
7.023433684999999649e+00
7.063092709999999386e+00
7.102751735000000011e+00
7.142410759999999748e+00
7.173174069999999958e+00
7.203937379999999280e+00
7.234700689999999490e+00
7.265463999999999700e+00
7.302636869999999725e+00
7.339809739999999749e+00
7.376982609999999774e+00
7.414155479999999798e+00
7.457517979999999547e+00
7.500880479999999295e+00
7.544242979999999932e+00
7.587605479999999680e+00
7.624781730000000479e+00
7.661957980000000390e+00
7.699134230000000301e+00
7.736310480000000211e+00
7.777241227500000242e+00
7.818171975000000273e+00
7.859102722500000304e+00
7.900033470000000335e+00
7.938282102500000548e+00
7.976530734999999872e+00
8.014779367499999196e+00
8.053027999999999409e+00
8.089989499999999722e+00
8.126951000000000036e+00
8.163912500000000350e+00
8.200874000000000663e+00
8.222258249999999435e+00
8.243642499999999984e+00
8.265026750000000533e+00
8.286410999999999305e+00
8.338492750000000342e+00
8.390574499999999603e+00
8.442656249999998863e+00
8.494737999999999900e+00
8.525172250000000673e+00
8.555606499999999670e+00
8.586040749999998667e+00
8.616474999999999440e+00
8.656460249999998524e+00
8.696445499999999384e+00
8.736430750000000245e+00
8.776415999999999329e+00
8.814503249999999568e+00
8.852590499999999807e+00
8.890677750000000046e+00
8.928765000000000285e+00
8.977086500000000413e+00
9.025408000000000541e+00
9.073729500000000670e+00
9.122051000000000798e+00
9.169386750000001030e+00
9.216722499999999485e+00
9.264058249999999717e+00
9.311393999999999949e+00
9.358577000000000368e+00
9.405760000000000787e+00
9.452943000000001206e+00
9.500125999999999848e+00
9.557723249999998671e+00
9.615320499999999271e+00
9.672917749999999870e+00
9.730515000000000470e+00
9.779467000000000354e+00
9.828419000000000239e+00
9.877371000000000123e+00
9.926323000000000008e+00
9.954271849999999588e+00
9.982220699999999169e+00
1.001016955000000053e+01
1.003811840000000011e+01
1.010354449999999993e+01
1.016897059999999975e+01
1.023439669999999957e+01
1.029982279999999939e+01
1.034666155000000032e+01
1.039350029999999947e+01
1.044033904999999862e+01
1.048717779999999955e+01
1.055471797499999909e+01
1.062225815000000040e+01
1.068979832499999993e+01
1.075733849999999947e+01
1.080471752499999916e+01
1.085209654999999884e+01
1.089947557500000030e+01
1.094685459999999999e+01
1.102090240000000065e+01
1.109495019999999954e+01
1.116899800000000020e+01
1.124304580000000087e+01
1.127327250000000092e+01
1.130349920000000097e+01
1.133372590000000102e+01
1.136395259999999929e+01
1.142075917500000060e+01
1.147756575000000012e+01
1.153437232499999965e+01
1.159117889999999917e+01
1.165604377499999877e+01
1.172090864999999837e+01
1.178577352499999975e+01
1.185063839999999935e+01
1.191223717499999957e+01
1.197383594999999978e+01
1.203543472500000000e+01
1.209703350000000022e+01
1.215848512500000034e+01
1.221993675000000046e+01
1.228138837500000058e+01
1.234284000000000070e+01
1.237669430000000048e+01
1.241054860000000026e+01
1.244440290000000005e+01
1.247825719999999983e+01
1.255101492500000049e+01
1.262377264999999937e+01
1.269653037500000003e+01
1.276928810000000070e+01
1.286818792500000086e+01
1.296708775000000102e+01
1.306598757500000119e+01
1.316488739999999957e+01
1.320845304999999925e+01
1.325201870000000071e+01
1.329558435000000038e+01
1.333915000000000006e+01
1.338556089999999976e+01
1.343197179999999946e+01
1.347838270000000094e+01
1.352479360000000064e+01
1.360750387499999903e+01
1.369021414999999919e+01
1.377292442499999936e+01
1.385563469999999953e+01
1.390700769999999942e+01
1.395838069999999931e+01
1.400975370000000098e+01
1.406112670000000087e+01
1.412212537499999954e+01
1.418312404999999998e+01
1.424412272500000043e+01
1.430512140000000088e+01
1.436979722500000101e+01
1.443447305000000114e+01
1.449914887499999949e+01
1.456382469999999962e+01
1.464059927499999958e+01
1.471737384999999954e+01
1.479414842499999949e+01
1.487092299999999945e+01
1.496824332499999954e+01
1.506556364999999964e+01
1.516288397499999974e+01
1.526020429999999983e+01
1.531718822499999888e+01
1.537417214999999970e+01
1.543115607500000053e+01
1.548813999999999957e+01
1.560863367500000010e+01
1.572912734999999884e+01
1.584962102499999936e+01
1.597011469999999989e+01
1.603921912500000246e+01
1.610832355000000149e+01
1.617742797500000052e+01
1.624653239999999954e+01
1.620152679999999989e+01
1.615652120000000025e+01
1.611151560000000060e+01
1.606651000000000096e+01
1.600537880000000257e+01
1.594424760000000063e+01
1.588311640000000047e+01
1.582198520000000030e+01
1.583981439999999985e+01
1.585764359999999940e+01
1.587547280000000072e+01
1.589330200000000026e+01
1.583818319999999957e+01
1.578306440000000066e+01
1.572794559999999997e+01
1.567282679999999928e+01
1.572472479999999884e+01
1.577662279999999839e+01
1.582852079999999972e+01
1.588041879999999928e+01
1.594122219999999857e+01
1.600202559999999963e+01
1.606282900000000069e+01
1.612363240000000175e+01
1.618311930000000132e+01
1.624260620000000088e+01
1.630209310000000045e+01
1.636158000000000001e+01
1.644608792500000050e+01
1.653059584999999743e+01
1.661510377499999791e+01
1.669961169999999839e+01
1.683301127499999694e+01
1.696641084999999904e+01
1.709981042500000115e+01
1.723320999999999970e+01
1.738450557499999860e+01
1.753580114999999751e+01
1.768709672499999641e+01
1.783839229999999887e+01
1.805184320000000042e+01
1.826529409999999842e+01
1.847874499999999998e+01
1.869219590000000153e+01
1.893655872500000115e+01
1.918092155000000076e+01
1.942528437500000038e+01
1.966964720000000000e+01
1.997002647500000094e+01
2.027040575000000189e+01
2.057078502499999928e+01
2.087116430000000022e+01
2.129629822500000103e+01
2.172143214999999827e+01
2.214656607499999907e+01
2.257169999999999987e+01
2.309252087499999817e+01
2.361334175000000002e+01
2.413416262500000187e+01
2.465498350000000016e+01
2.528201817500000104e+01
2.590905285000000191e+01
2.653608752499999923e+01
2.716312220000000011e+01
2.811845972500000101e+01
2.907379724999999837e+01
3.002913477499999928e+01
3.098447230000000019e+01
3.210526172500000541e+01
3.322605115000000353e+01
3.434684057500000165e+01
3.546762999999999977e+01
3.687228317499999974e+01
3.827693634999999972e+01
3.968158952499999970e+01
4.108624269999999967e+01
4.289443779999999862e+01
4.470263289999999756e+01
4.651082800000000361e+01
4.831902310000000256e+01
5.073723315000000156e+01
5.315544320000000056e+01
5.557365324999999956e+01
5.799186329999999856e+01
6.087286997500000041e+01
6.375387664999999515e+01
6.663488332500000411e+01
6.951588999999999885e+01
7.353123999999999683e+01
7.754659000000000901e+01
8.156194000000000699e+01
8.557729000000000497e+01
8.996186199999999644e+01
9.434643400000000213e+01
9.873100600000000782e+01
1.031155779999999993e+02
1.092555334999999985e+02
1.153954889999999978e+02
1.215354444999999970e+02
1.276753999999999962e+02
1.355445137500000214e+02
1.434136275000000182e+02
1.512827412500000150e+02
1.591518550000000118e+02
1.693274837499999990e+02
1.795031124999999861e+02
1.896787412499999732e+02
1.998543699999999887e+02
2.114086024999999722e+02
2.229628349999999841e+02
2.345170674999999960e+02
2.460713000000000079e+02
2.625999305000000277e+02
2.791285609999999906e+02
2.956571914999999535e+02
3.121858219999999733e+02
3.332156605000000127e+02
3.542454989999999952e+02
3.752753374999999778e+02
3.963051760000000172e+02
4.223211747500000115e+02
4.483371735000000058e+02
4.743531722500000001e+02
5.003691709999999944e+02
5.345885282499999676e+02
5.688078854999999976e+02
6.030272427499999139e+02
6.372465999999999440e+02
6.861392652499999940e+02
7.350319305000000440e+02
7.839245957499999804e+02
8.328172610000000304e+02
