6.831663999999999959e+00
6.894233185000000041e+00
6.956802370000000124e+00
6.751524684999999693e+00
6.546247000000000149e+00
6.434765000000000512e+00
6.323282999999999987e+00
6.136936500000000017e+00
5.950590000000000046e+00
5.898599794999999979e+00
5.846609589999999912e+00
5.595063295000000103e+00
5.343517000000000294e+00
5.187993500000000147e+00
5.032469999999999999e+00
4.797799499999999995e+00
4.563128999999999991e+00
4.342598705000000336e+00
4.122068409999999794e+00
3.927492384999999864e+00
3.732916359999999933e+00
3.574986179999999791e+00
3.417056000000000093e+00
3.294007999999999825e+00
3.170960000000000001e+00
3.082088375000000102e+00
2.993216750000000204e+00
2.845116374999999920e+00
2.697016000000000080e+00
2.615425824999999982e+00
2.533835649999999884e+00
2.468147824999999962e+00
2.402460000000000040e+00
2.340406250000000021e+00
2.278352500000000003e+00
2.206831455000000108e+00
2.135310410000000214e+00
2.110286355000000391e+00
2.085262300000000124e+00
2.031264785000000295e+00
1.977267270000000021e+00
1.953771635000000062e+00
1.930276000000000103e+00
1.891511540000000213e+00
1.852747080000000102e+00
1.834501504999999977e+00
1.816255930000000074e+00
1.780907575000000076e+00
1.745559220000000078e+00
1.714709940000000099e+00
1.683860659999999898e+00
1.654648659999999882e+00
1.625436660000000089e+00
1.606168924999999970e+00
1.586901190000000073e+00
1.570991040000000005e+00
1.555080889999999938e+00
1.536402819999999947e+00
1.517724749999999956e+00
1.481078024999999965e+00
1.444431299999999974e+00
1.444775279999999995e+00
1.445119260000000017e+00
1.435182214999999983e+00
1.425245169999999950e+00
1.406219365000000110e+00
1.387193560000000048e+00
1.386020660000000015e+00
1.384847759999999983e+00
1.366119204999999948e+00
1.347390649999999912e+00
1.344043824999999970e+00
1.340697000000000028e+00
1.331372055000000110e+00
1.322047109999999970e+00
1.319929715000000003e+00
1.317812320000000037e+00
1.309160529999999989e+00
1.300508739999999941e+00
1.286926569999999881e+00
1.273344400000000043e+00
1.264039995000000083e+00
1.254735589999999901e+00
1.253729794999999925e+00
1.252723999999999949e+00
1.245925579999999977e+00
1.239127160000000005e+00
1.223425030000000024e+00
1.207722900000000044e+00
1.195811804999999950e+00
1.183900710000000078e+00
1.177496195000000023e+00
1.171091679999999968e+00
1.166996244999999988e+00
1.162900810000000007e+00
1.150642514999999921e+00
1.138384220000000058e+00
1.131831110000000029e+00
1.125278000000000000e+00
1.117598000000000091e+00
1.109917999999999960e+00
1.100891999999999982e+00
1.091866000000000003e+00
1.086018315000000012e+00
1.080170630000000020e+00
1.077899455000000062e+00
1.075628280000000103e+00
1.070705770000000001e+00
1.065783259999999899e+00
1.058868464999999981e+00
1.051953670000000063e+00
1.050261019999999990e+00
1.048568369999999916e+00
1.044000505000000079e+00
1.039432640000000019e+00
1.031481620000000099e+00
1.023530599999999957e+00
1.023500679999999941e+00
1.023470759999999924e+00
1.016441764999999942e+00
1.009412769999999959e+00
1.010505199999999881e+00
1.011597630000000025e+00
1.009025395000000103e+00
1.006453159999999958e+00
1.003863039999999929e+00
1.001272919999999900e+00
1.002174259999999872e+00
1.003075600000000067e+00
1.001537860000000002e+00
1.000000119999999937e+00
1.002496840000000056e+00
1.004993559999999952e+00
1.006616355000000018e+00
1.008239150000000084e+00
1.007580815000000074e+00
1.006922480000000064e+00
1.011159955000000110e+00
1.015397429999999934e+00
1.017044545000000078e+00
1.018691659999999999e+00
1.023461520000000124e+00
1.028231380000000028e+00
1.030055224999999908e+00
1.031879070000000009e+00
1.035075485000000128e+00
1.038271900000000025e+00
1.043481410000000054e+00
1.048690920000000082e+00
1.048814460000000004e+00
1.048937999999999926e+00
1.053605895000000015e+00
1.058273790000000103e+00
1.062410395000000118e+00
1.066546999999999912e+00
1.069220704999999993e+00
1.071894410000000075e+00
1.075933280000000103e+00
1.079972149999999909e+00
1.081712959999999946e+00
1.083453769999999983e+00
1.092438454999999919e+00
1.101423140000000078e+00
1.104937195000000205e+00
1.108451250000000110e+00
1.114651980000000098e+00
1.120852710000000085e+00
1.122200429999999916e+00
1.123548149999999968e+00
1.130910039999999839e+00
1.138271929999999932e+00
1.145465789999999817e+00
1.152659649999999925e+00
1.157826004999999991e+00
1.162992360000000058e+00
1.168723224999999921e+00
1.174454090000000006e+00
1.182840164999999999e+00
1.191226239999999992e+00
1.196735915000000094e+00
1.202245589999999975e+00
1.210417029999999894e+00
1.218588470000000035e+00
1.222064435000000060e+00
1.225540400000000085e+00
1.230903625000000057e+00
1.236266850000000028e+00
1.243495465000000078e+00
1.250724079999999905e+00
1.260024489999999942e+00
1.269324899999999978e+00
1.277974069999999962e+00
1.286623239999999946e+00
1.294022024999999854e+00
1.301420809999999983e+00
1.309689820000000005e+00
1.317958830000000026e+00
1.324378129999999931e+00
1.330797430000000059e+00
1.336158930000000078e+00
1.341520430000000097e+00
1.351150635000000211e+00
1.360780840000000103e+00
1.368353490000000061e+00
1.375926140000000020e+00
1.382891300000000046e+00
1.389856460000000071e+00
1.398727180000000070e+00
1.407597900000000068e+00
1.415535509999999997e+00
1.423473119999999925e+00
1.431732714999999878e+00
1.439992310000000053e+00
1.451312305000000080e+00
1.462632300000000107e+00
1.470927650000000142e+00
1.479222999999999955e+00
1.489740124999999971e+00
1.500257249999999987e+00
1.510067279999999901e+00
1.519877310000000037e+00
1.530037819999999993e+00
1.540198329999999949e+00
1.550572454999999961e+00
1.560946579999999972e+00
1.572791290000000064e+00
1.584635999999999934e+00
1.594934954999999821e+00
1.605233909999999931e+00
1.616571309999999873e+00
1.627908710000000037e+00
1.637511555000000119e+00
1.647114399999999979e+00
1.657363474999999919e+00
1.667612550000000082e+00
1.676709890000000147e+00
1.685807229999999990e+00
1.697705614999999835e+00
1.709603999999999902e+00
1.719197560000000014e+00
1.728791119999999903e+00
1.741675915000000074e+00
1.754560710000000023e+00
1.764791854999999909e+00
1.775023000000000017e+00
1.784293659999999893e+00
1.793564319999999990e+00
1.808002235000000013e+00
1.822440150000000036e+00
1.833614770000000060e+00
1.844789390000000084e+00
1.854757310000000103e+00
1.864725229999999900e+00
1.882566809999999924e+00
1.900408389999999947e+00
1.913596989999999831e+00
1.926785589999999937e+00
1.940226495000000106e+00
1.953667400000000054e+00
1.967815934999999961e+00
1.981964470000000089e+00
1.998370734999999954e+00
2.014777000000000040e+00
2.032776740000000082e+00
2.050776480000000124e+00
2.068460940000000026e+00
2.086145399999999928e+00
2.106495699999999971e+00
2.126846000000000014e+00
2.142776570000000103e+00
2.158707140000000191e+00
2.181930304999999848e+00
2.205153469999999949e+00
2.214886234999999814e+00
2.224619000000000124e+00
2.240797000000000150e+00
2.256975000000000176e+00
2.274997745000000293e+00
2.293020489999999967e+00
2.306413175000000315e+00
2.319805860000000219e+00
2.337147709999999989e+00
2.354489560000000203e+00
2.373323200000000188e+00
2.392156840000000173e+00
2.407146575000000066e+00
2.422136309999999959e+00
2.438267950000000184e+00
2.454399589999999964e+00
2.466521795000000239e+00
2.478644000000000069e+00
2.498865300000000289e+00
2.519086600000000065e+00
2.537769200000000058e+00
2.556451800000000052e+00
2.572860480000000116e+00
2.589269160000000181e+00
2.609708580000000389e+00
2.630148000000000152e+00
2.652847799999999978e+00
2.675547599999999804e+00
2.698705674999999804e+00
2.721863749999999804e+00
2.750619294999999909e+00
2.779374840000000013e+00
2.797028304999999992e+00
2.814681769999999972e+00
2.848760484999999676e+00
2.882839199999999824e+00
2.910852429999999824e+00
2.938865659999999824e+00
2.961806894999999606e+00
2.984748129999999833e+00
3.013930679999999640e+00
3.043113229999999891e+00
3.071063614999999913e+00
3.099013999999999935e+00
3.125001290000000154e+00
3.150988579999999928e+00
3.182421445000000126e+00
3.213854309999999881e+00
3.244256154999999975e+00
3.274658000000000069e+00
3.304291860000000192e+00
3.333925719999999870e+00
3.367647359999999868e+00
3.401368999999999865e+00
3.436880304999999858e+00
3.472391609999999851e+00
3.503547549999999955e+00
3.534703490000000059e+00
3.573839245000000275e+00
3.612975000000000048e+00
3.651221334999999790e+00
3.689467669999999977e+00
3.732313334999999732e+00
3.775158999999999931e+00
3.806944070000000124e+00
3.838729139999999873e+00
3.880375569999999996e+00
3.922022000000000119e+00
3.963707755000000166e+00
4.005393510000000212e+00
4.040962755000000683e+00
4.076532000000000266e+00
4.130256499999999775e+00
4.183981000000000172e+00
4.223668845000000616e+00
4.263356690000000171e+00
4.308944705000000042e+00
4.354532719999999912e+00
4.400043860000000251e+00
4.445554999999999701e+00
4.492377174999999667e+00
4.539199349999999633e+00
4.594653364999999212e+00
4.650107379999999679e+00
4.709108829999999912e+00
4.768110280000000145e+00
4.810873510000000408e+00
4.853636739999999783e+00
4.904028175000000545e+00
4.954419610000000418e+00
4.997277495000000513e+00
5.040135379999999721e+00
5.084477424999999329e+00
5.128819469999999825e+00
5.187876734999999684e+00
5.246934000000000431e+00
5.288999350000000099e+00
5.331064699999999767e+00
5.392149850000000022e+00
5.453235000000000277e+00
5.505013500000000448e+00
5.556791999999999732e+00
5.613492360000000403e+00
5.670192720000000186e+00
5.720375060000000289e+00
5.770557400000000392e+00
5.836950540000000132e+00
5.903343679999999871e+00
5.957390339999999895e+00
6.011436999999999919e+00
6.075843125000000455e+00
6.140249250000000103e+00
6.205311775000000196e+00
6.270374300000000289e+00
6.347400430000000426e+00
6.424426559999999675e+00
6.482015134999999262e+00
6.539603709999999737e+00
6.612088205000000052e+00
6.684572700000000367e+00
6.770781850000000546e+00
6.856990999999999836e+00
6.920382829999999430e+00
6.983774659999999912e+00
7.063092709999999386e+00
7.142410759999999748e+00
7.203937379999999280e+00
7.265463999999999700e+00
7.339809739999999749e+00
7.414155479999999798e+00
7.500880479999999295e+00
7.587605479999999680e+00
7.661957980000000390e+00
7.736310480000000211e+00
7.818171975000000273e+00
7.900033470000000335e+00
7.976530734999999872e+00
8.053027999999999409e+00
8.126951000000000036e+00
8.200874000000000663e+00
8.243642499999999984e+00
8.286410999999999305e+00
8.390574499999999603e+00
8.494737999999999900e+00
8.555606499999999670e+00
8.616474999999999440e+00
8.696445499999999384e+00
8.776415999999999329e+00
8.852590499999999807e+00
8.928765000000000285e+00
9.025408000000000541e+00
9.122051000000000798e+00
9.216722499999999485e+00
9.311393999999999949e+00
9.405760000000000787e+00
9.500125999999999848e+00
9.615320499999999271e+00
9.730515000000000470e+00
9.828419000000000239e+00
9.926323000000000008e+00
9.982220699999999169e+00
1.003811840000000011e+01
1.016897059999999975e+01
1.029982279999999939e+01
1.039350029999999947e+01
1.048717779999999955e+01
1.062225815000000040e+01
1.075733849999999947e+01
1.085209654999999884e+01
1.094685459999999999e+01
1.109495019999999954e+01
1.124304580000000087e+01
1.130349920000000097e+01
1.136395259999999929e+01
1.147756575000000012e+01
1.159117889999999917e+01
1.172090864999999837e+01
1.185063839999999935e+01
1.197383594999999978e+01
1.209703350000000022e+01
1.221993675000000046e+01
1.234284000000000070e+01
1.241054860000000026e+01
1.247825719999999983e+01
1.262377264999999937e+01
1.276928810000000070e+01
1.296708775000000102e+01
1.316488739999999957e+01
1.325201870000000071e+01
1.333915000000000006e+01
1.343197179999999946e+01
1.352479360000000064e+01
1.369021414999999919e+01
1.385563469999999953e+01
1.395838069999999931e+01
1.406112670000000087e+01
1.418312404999999998e+01
1.430512140000000088e+01
1.443447305000000114e+01
1.456382469999999962e+01
1.471737384999999954e+01
1.487092299999999945e+01
1.506556364999999964e+01
1.526020429999999983e+01
1.537417214999999970e+01
1.548813999999999957e+01
1.572912734999999884e+01
1.597011469999999989e+01
1.610832355000000149e+01
1.624653239999999954e+01
1.615652120000000025e+01
1.606651000000000096e+01
1.594424760000000063e+01
1.582198520000000030e+01
1.585764359999999940e+01
1.589330200000000026e+01
1.578306440000000066e+01
1.567282679999999928e+01
1.577662279999999839e+01
1.588041879999999928e+01
1.600202559999999963e+01
1.612363240000000175e+01
1.624260620000000088e+01
1.636158000000000001e+01
1.653059584999999743e+01
1.669961169999999839e+01
1.696641084999999904e+01
1.723320999999999970e+01
1.753580114999999751e+01
1.783839229999999887e+01
1.826529409999999842e+01
1.869219590000000153e+01
1.918092155000000076e+01
1.966964720000000000e+01
2.027040575000000189e+01
2.087116430000000022e+01
2.172143214999999827e+01
2.257169999999999987e+01
2.361334175000000002e+01
2.465498350000000016e+01
2.590905285000000191e+01
2.716312220000000011e+01
2.907379724999999837e+01
3.098447230000000019e+01
3.322605115000000353e+01
3.546762999999999977e+01
3.827693634999999972e+01
4.108624269999999967e+01
4.470263289999999756e+01
4.831902310000000256e+01
5.315544320000000056e+01
5.799186329999999856e+01
6.375387664999999515e+01
6.951588999999999885e+01
7.754659000000000901e+01
8.557729000000000497e+01
9.434643400000000213e+01
1.031155779999999993e+02
1.153954889999999978e+02
1.276753999999999962e+02
1.434136275000000182e+02
1.591518550000000118e+02
1.795031124999999861e+02
1.998543699999999887e+02
2.229628349999999841e+02
2.460713000000000079e+02
2.791285609999999906e+02
3.121858219999999733e+02
3.542454989999999952e+02
3.963051760000000172e+02
4.483371735000000058e+02
5.003691709999999944e+02
5.688078854999999976e+02
6.372465999999999440e+02
7.350319305000000440e+02
8.328172610000000304e+02
