4.542278350000000242e-01
4.590783270000000083e-01
4.639288189999999923e-01
4.687999339999999737e-01
4.736710490000000107e-01
4.788108319999999640e-01
4.839506149999999729e-01
4.892226754999999816e-01
4.944947359999999903e-01
4.999568460000000103e-01
5.054189559999999748e-01
5.111532779999999887e-01
5.168876000000000026e-01
5.224908500000000622e-01
5.280941000000000107e-01
5.340216500000000144e-01
5.399492000000000180e-01
5.458768499999999690e-01
5.518045000000000311e-01
5.575600499999999737e-01
5.633156000000000274e-01
5.690330715000000428e-01
5.747505429999999471e-01
5.807321370000000371e-01
5.867137310000000161e-01
5.926250815000000394e-01
5.985364319999999516e-01
6.046163659999999052e-01
6.106962999999999697e-01
6.171159499999999687e-01
6.235355999999999677e-01
6.298747999999999569e-01
6.362139999999999462e-01
6.429624000000000450e-01
6.497108000000000327e-01
6.564421000000000284e-01
6.631734000000000240e-01
6.700412744999999504e-01
6.769091489999999878e-01
6.802662015000000562e-01
6.836232540000000135e-01
6.866838035000000229e-01
6.897443530000000322e-01
6.926154264999999643e-01
6.954865000000000075e-01
6.986048289999999827e-01
7.017231579999999580e-01
7.046962079999999906e-01
7.076692580000000232e-01
7.106937790000000810e-01
7.137183000000000277e-01
7.165785159999999987e-01
7.194387319999999697e-01
7.223033905000000310e-01
7.251680489999999812e-01
7.278236444999999222e-01
7.304792399999999741e-01
7.333404699999999110e-01
7.362016999999999589e-01
7.353698499999999916e-01
7.345380000000000242e-01
7.336329500000000614e-01
7.327278999999999876e-01
7.316233290000000444e-01
7.305187579999999903e-01
7.294074289999999960e-01
7.282961000000000018e-01
7.270996000000000681e-01
7.259031000000000233e-01
7.247530500000000098e-01
7.236029999999999962e-01
7.222216500000000483e-01
7.208402999999999894e-01
7.195950275000000396e-01
7.183497549999999787e-01
7.167358994999999400e-01
7.151220440000000123e-01
7.138790219999999742e-01
7.126360000000000472e-01
7.109699000000000435e-01
7.093038000000000398e-01
7.071694155000000093e-01
7.050350309999999787e-01
7.026614654999999710e-01
7.002878999999999632e-01
6.980237000000000247e-01
6.957594999999999752e-01
6.936744999999999717e-01
6.915894999999999682e-01
6.898428329999999331e-01
6.880961660000000091e-01
6.865767329999999946e-01
6.850572999999999801e-01
6.834635499999999197e-01
6.818697999999999704e-01
6.805585299999999949e-01
6.792472600000000194e-01
6.778948300000000593e-01
6.765423999999999882e-01
6.771937000000000095e-01
6.778450000000000308e-01
6.784188500000000177e-01
6.789927000000000046e-01
6.794911000000000145e-01
6.799895000000000245e-01
6.805156500000000275e-01
6.810418000000000305e-01
6.817223500000000325e-01
6.824029000000000345e-01
6.831719235000000001e-01
6.839409469999999658e-01
6.845817235000000167e-01
6.852224999999999566e-01
6.858835784999999241e-01
6.865446570000000026e-01
6.874728500000000242e-01
6.884010430000000458e-01
6.892600214999999864e-01
6.901190000000000380e-01
6.923742500000000799e-01
6.946295000000000108e-01
6.969388770000000122e-01
6.992482540000000135e-01
7.016212769999999876e-01
7.039942999999999618e-01
7.063460179999999644e-01
7.086977359999999670e-01
7.112653680000000644e-01
7.138330000000000508e-01
7.164941000000000226e-01
7.191551999999999945e-01
7.220215239999999701e-01
7.248878479999999458e-01
7.275635739999999352e-01
7.302393000000000356e-01
7.332335254999999830e-01
7.362277510000000413e-01
7.392041980000000345e-01
7.421806450000000277e-01
7.458408725000000850e-01
7.495011000000000312e-01
7.534176999999999680e-01
7.573343000000000158e-01
7.612111000000000294e-01
7.650879000000000429e-01
7.688825500000000535e-01
7.726771999999999530e-01
7.766630734999999675e-01
7.806489469999999820e-01
7.850544735000000163e-01
7.894600000000000506e-01
7.939031000000000837e-01
7.983462000000000058e-01
8.026694249999999364e-01
8.069926499999999780e-01
8.114162750000000202e-01
8.158398999999999512e-01
8.201863499999999529e-01
8.245327999999999546e-01
8.295350340000000600e-01
8.345372680000000543e-01
8.397010565000000426e-01
8.448648450000000310e-01
8.496234225000000029e-01
8.543819999999999748e-01
8.591314500000000187e-01
8.638808999999999516e-01
8.688604499999998954e-01
8.738399999999999501e-01
8.785720500000000488e-01
8.833041000000000365e-01
8.880510235000000918e-01
8.927979470000000362e-01
8.972373234999999614e-01
9.016766999999999976e-01
9.061455499999999663e-01
9.106144000000000460e-01
9.145954695000000356e-01
9.185765390000000252e-01
9.233774194999999629e-01
9.281783000000000117e-01
9.328442759999999723e-01
9.375102520000000439e-01
9.418452084999999752e-01
9.461801650000000175e-01
9.502570034999999748e-01
9.543338420000000433e-01
9.585273865000000226e-01
9.627209310000000020e-01
9.665690154999999617e-01
9.704171000000000324e-01
9.743410500000000418e-01
9.782650000000000512e-01
9.819278780000000317e-01
9.855907560000000123e-01
9.894481600000000210e-01
9.933055640000000297e-01
9.966528420000000388e-01
1.000000119999999937e+00
1.003981060000000092e+00
1.007962000000000025e+00
1.011569684999999996e+00
1.015177369999999968e+00
1.018438815000000108e+00
1.021700260000000027e+00
1.024924630000000114e+00
1.028148999999999980e+00
1.030976770000000098e+00
1.033804539999999994e+00
1.036642770000000047e+00
1.039481000000000099e+00
1.042168895000000095e+00
1.044856790000000091e+00
1.047459895000000030e+00
1.050062999999999969e+00
1.052628389999999969e+00
1.055193779999999970e+00
1.057981014999999969e+00
1.060768249999999968e+00
1.063722849999999998e+00
1.066677450000000027e+00
1.069735585000000100e+00
1.072793719999999951e+00
1.076330184999999995e+00
1.079866650000000039e+00
1.083569230000000161e+00
1.087271810000000061e+00
1.091391204999999864e+00
1.095510599999999890e+00
1.099818645000000039e+00
1.104126689999999966e+00
1.108821630000000003e+00
1.113516570000000039e+00
1.118287145000000038e+00
1.123057720000000037e+00
1.127820610000000112e+00
1.132583499999999965e+00
1.137621999999999911e+00
1.142660500000000079e+00
1.142502010000000068e+00
1.142343520000000057e+00
1.142130195000000015e+00
1.141916869999999973e+00
1.141506935000000000e+00
1.141097000000000028e+00
1.140696970000000032e+00
1.140296940000000037e+00
1.139907065000000053e+00
1.139517190000000069e+00
1.139067709999999956e+00
1.138618230000000064e+00
1.138230384999999956e+00
1.137842540000000069e+00
1.137382865000000187e+00
1.136923190000000083e+00
1.136180995000000138e+00
1.135438799999999970e+00
1.135062039999999994e+00
1.134685280000000018e+00
1.133335470000000011e+00
1.131985660000000005e+00
1.130538044999999991e+00
1.129090429999999978e+00
1.127499214999999833e+00
1.125907999999999909e+00
1.124347999999999903e+00
1.122787999999999897e+00
1.121246299999999918e+00
1.119704599999999939e+00
1.118165850000000017e+00
1.116627100000000095e+00
1.115198314999999996e+00
1.113769529999999897e+00
1.112226605000000035e+00
1.110683679999999951e+00
1.109166384999999977e+00
1.107649090000000003e+00
1.106064500000000006e+00
1.104479910000000009e+00
1.104419650000000086e+00
1.104359389999999941e+00
1.104151009999999822e+00
1.103942629999999925e+00
1.103697654999999944e+00
1.103452679999999964e+00
1.103173909999999980e+00
1.102895139999999996e+00
1.102687894999999862e+00
1.102480649999999951e+00
1.102471409999999929e+00
1.102462169999999908e+00
1.102429584999999879e+00
1.102397000000000071e+00
1.101935045000000057e+00
1.101473090000000044e+00
1.100906370000000134e+00
1.100339650000000002e+00
1.099740205000000026e+00
1.099140760000000050e+00
1.099190880000000092e+00
1.099240999999999913e+00
1.099312175000000114e+00
1.099383350000000092e+00
1.099537965000000117e+00
1.099692579999999920e+00
1.099810789999999816e+00
1.099928999999999935e+00
1.100327920000000015e+00
1.100726840000000095e+00
1.101012170000000179e+00
1.101297500000000040e+00
1.101518575000000055e+00
1.101739650000000070e+00
1.102042855000000099e+00
1.102346059999999905e+00
1.102834999999999788e+00
1.103323939999999892e+00
1.103548469999999782e+00
1.103772999999999893e+00
1.104409814999999906e+00
1.105046629999999919e+00
1.105502785000000099e+00
1.105958940000000057e+00
1.106252790000000097e+00
1.106546639999999915e+00
1.106706974999999815e+00
1.106867309999999938e+00
1.106942155000000039e+00
1.107016999999999918e+00
1.107436279999999940e+00
1.107855559999999961e+00
1.108278395000000138e+00
1.108701230000000093e+00
1.109269615000000098e+00
1.109838000000000102e+00
1.110687430000000031e+00
1.111536859999999960e+00
1.111609220000000064e+00
1.111681579999999947e+00
1.112473430000000096e+00
1.113265280000000024e+00
1.113698064999999904e+00
1.114130850000000006e+00
1.114862974999999867e+00
1.115595099999999951e+00
1.116603049999999930e+00
1.117610999999999910e+00
1.118549680000000102e+00
1.119488360000000071e+00
1.120549025000000087e+00
1.121609690000000104e+00
1.122503700000000215e+00
1.123397710000000105e+00
1.124545695000000123e+00
1.125693679999999919e+00
1.126822530000000100e+00
1.127951380000000059e+00
1.128823815000000064e+00
1.129696250000000068e+00
1.131077944999999918e+00
1.132459639999999990e+00
1.133766234999999956e+00
1.135072829999999922e+00
1.136465074999999825e+00
1.137857319999999950e+00
1.139199199999999967e+00
1.140541079999999985e+00
1.142118755000000041e+00
1.143696430000000097e+00
1.145103334999999944e+00
1.146510240000000014e+00
1.148307500000000037e+00
1.150104760000000059e+00
1.151470380000000127e+00
1.152835999999999972e+00
1.154302434999999960e+00
1.155768869999999948e+00
1.156393585000000002e+00
1.157018300000000055e+00
1.157701965000000000e+00
1.158385629999999944e+00
1.159313260000000012e+00
1.160240890000000080e+00
1.161181390000000091e+00
1.162121890000000102e+00
1.163065014999999924e+00
1.164008139999999969e+00
1.164675115000000094e+00
1.165342089999999997e+00
1.166172205000000073e+00
1.167002319999999926e+00
1.167749880000000129e+00
1.168497440000000109e+00
1.169441340000000107e+00
1.170385240000000104e+00
1.172993120000000111e+00
1.175600999999999896e+00
1.178025719999999943e+00
1.180450439999999990e+00
1.180846749999999945e+00
1.181243059999999900e+00
1.180142759999999846e+00
1.179042460000000014e+00
1.179099729999999902e+00
1.179157000000000011e+00
1.179492500000000055e+00
1.179828000000000099e+00
1.180882550000000197e+00
1.181937100000000074e+00
1.183272419999999991e+00
1.184607739999999909e+00
1.185804370000000052e+00
1.187000999999999973e+00
1.188190940000000140e+00
1.189380880000000085e+00
1.190021215000000021e+00
1.190661549999999957e+00
1.190812825000000075e+00
1.190964099999999970e+00
1.192186415000000110e+00
1.193408730000000029e+00
1.195913734999999978e+00
1.198418739999999927e+00
1.200900794999999910e+00
1.203382849999999893e+00
1.205134629999999873e+00
1.206886410000000076e+00
1.207320930000000070e+00
1.207755450000000064e+00
1.208707725000000011e+00
1.209659999999999958e+00
1.212702249999999982e+00
1.215744500000000006e+00
1.219274285000000013e+00
1.222804070000000021e+00
1.224598170000000152e+00
1.226392270000000062e+00
1.225611685000000062e+00
1.224831100000000061e+00
1.223207350000000027e+00
1.221583599999999992e+00
1.221864759999999883e+00
1.222145919999999997e+00
1.223638059999999861e+00
1.225130199999999947e+00
1.224806665000000017e+00
1.224483130000000086e+00
1.222457110000000124e+00
1.220431089999999941e+00
1.219178915000000085e+00
1.217926740000000008e+00
1.218864320000000001e+00
1.219801899999999995e+00
1.220615205000000092e+00
1.221428509999999967e+00
1.222304225000000022e+00
1.223179940000000077e+00
1.224294664999999949e+00
1.225409390000000043e+00
1.227278355000000154e+00
1.229147320000000043e+00
1.230080159999999978e+00
1.231012999999999913e+00
1.230289069999999985e+00
1.229565140000000056e+00
1.226015150000000054e+00
1.222465160000000051e+00
1.218388079999999984e+00
1.214310999999999918e+00
1.212431964999999945e+00
1.210552929999999971e+00
1.214267014999999894e+00
1.217981100000000039e+00
1.224592504999999942e+00
1.231203910000000068e+00
1.240690290000000084e+00
1.250176670000000101e+00
1.261418335000000113e+00
1.272659999999999902e+00
1.287253499999999828e+00
1.301846999999999976e+00
1.318275400000000097e+00
1.334703799999999996e+00
1.349737900000000046e+00
1.364772000000000096e+00
1.378555079999999933e+00
1.392338159999999991e+00
1.405509079999999855e+00
1.418679999999999941e+00
1.431681119999999918e+00
1.444682239999999895e+00
1.456002709999999922e+00
1.467323179999999949e+00
1.476032589999999978e+00
1.484742000000000006e+00
1.491723869999999952e+00
1.498705739999999897e+00
1.503751335000000022e+00
1.508796929999999925e+00
1.512701964999999982e+00
1.516607000000000038e+00
1.519165314999999961e+00
1.521723630000000105e+00
1.522619725000000201e+00
1.523515820000000076e+00
1.523545144999999934e+00
1.523574470000000014e+00
1.522858084999999972e+00
1.522141699999999931e+00
1.520925705000000017e+00
1.519709710000000102e+00
1.518540919999999961e+00
1.517372130000000041e+00
1.515930065000000049e+00
1.514488000000000056e+00
1.512794685000000028e+00
1.511101369999999999e+00
1.509799065000000162e+00
1.508496760000000103e+00
1.506848095000000054e+00
1.505199430000000005e+00
1.504379569999999999e+00
1.503559709999999994e+00
1.502184509999999973e+00
1.500809309999999952e+00
1.499761939999999960e+00
1.498714569999999968e+00
1.497262120000000030e+00
1.495809670000000091e+00
1.494690059999999932e+00
1.493570449999999994e+00
1.492563904999999913e+00
1.491557360000000054e+00
1.490963815000000192e+00
1.490370270000000108e+00
1.490101870000000162e+00
1.489833469999999993e+00
1.489124829999999955e+00
1.488416189999999917e+00
1.488043545000000023e+00
1.487670899999999907e+00
1.487382175000000029e+00
1.487093449999999928e+00
1.486416279999999812e+00
1.485739109999999918e+00
1.485529839999999879e+00
1.485320570000000062e+00
1.485399010000000075e+00
1.485477450000000088e+00
1.485710145000000093e+00
1.485942840000000098e+00
1.486161529999999953e+00
1.486380220000000030e+00
1.486462174999999997e+00
1.486544129999999964e+00
1.486452099999999943e+00
1.486360069999999922e+00
1.486168445000000116e+00
1.485976820000000087e+00
1.486322224999999886e+00
1.486667629999999907e+00
1.487078724999999935e+00
1.487489819999999963e+00
1.487771570000000043e+00
1.488053319999999902e+00
1.488992749999999976e+00
1.489932180000000050e+00
1.490540505000000016e+00
1.491148829999999981e+00
1.492049274999999842e+00
1.492949719999999925e+00
1.493510124999999800e+00
1.494070529999999897e+00
1.494674384999999939e+00
1.495278239999999981e+00
1.495839774999999872e+00
1.496401309999999985e+00
1.497118710000000075e+00
1.497836109999999943e+00
1.498896180000000022e+00
1.499956250000000102e+00
1.500593365000000068e+00
1.501230480000000034e+00
1.501828610000000008e+00
1.502426739999999983e+00
1.503389239999999960e+00
1.504351739999999937e+00
1.505989554999999980e+00
1.507627370000000022e+00
1.508620559999999999e+00
1.509613749999999976e+00
1.510410250000000065e+00
1.511206749999999932e+00
1.511827830000000095e+00
1.512448910000000035e+00
1.513862014999999950e+00
1.515275120000000086e+00
1.515939595000000084e+00
1.516604070000000082e+00
1.518117490000000069e+00
1.519630910000000057e+00
1.520881295000000133e+00
1.522131679999999987e+00
1.523790299999999931e+00
1.525448920000000097e+00
1.526987614999999909e+00
1.528526309999999944e+00
1.530069055000000011e+00
1.531611800000000079e+00
1.533776164999999914e+00
1.535940529999999971e+00
1.537624179999999896e+00
1.539307830000000044e+00
1.540671050000000042e+00
1.542034270000000040e+00
1.543905915000000073e+00
1.545777560000000106e+00
1.547419670000000025e+00
1.549061779999999944e+00
1.550601009999999835e+00
1.552140239999999949e+00
1.553402484999999889e+00
1.554664730000000050e+00
1.555697200000000002e+00
1.556729669999999954e+00
1.557877299999999909e+00
1.559024930000000086e+00
1.560405610000000109e+00
1.561786289999999910e+00
1.562888499999999903e+00
1.563990709999999895e+00
1.565224409999999899e+00
1.566458109999999904e+00
1.568218889999999810e+00
1.569979669999999938e+00
1.571169434999999837e+00
1.572359199999999957e+00
1.573310015000000117e+00
1.574260830000000055e+00
1.576137305000000044e+00
1.578013780000000033e+00
1.579528215000000069e+00
1.581042650000000105e+00
1.581904769999999960e+00
1.582766890000000037e+00
1.584010539999999967e+00
1.585254189999999896e+00
1.586643694999999799e+00
1.588033199999999923e+00
1.589070974999999830e+00
1.590108749999999960e+00
1.592293439999999949e+00
1.594478129999999938e+00
1.595468340000000040e+00
1.596458549999999921e+00
1.598364469999999926e+00
1.600270389999999932e+00
1.601860584999999837e+00
1.603450779999999964e+00
1.605527524999999844e+00
1.607604269999999946e+00
1.609175744999999935e+00
1.610747219999999924e+00
1.613491299999999962e+00
1.616235379999999999e+00
1.618511189999999988e+00
1.620786999999999978e+00
1.623224899999999860e+00
1.625662799999999963e+00
1.627726899999999866e+00
1.629790999999999990e+00
1.632047164999999911e+00
1.634303330000000054e+00
1.636022925000000017e+00
1.637742519999999979e+00
1.639513135000000066e+00
1.641283749999999930e+00
1.643439174999999919e+00
1.645594599999999907e+00
1.647324564999999907e+00
1.649054529999999907e+00
1.650955499999999798e+00
1.652856469999999911e+00
1.654334734999999945e+00
1.655812999999999979e+00
1.657433220000000151e+00
1.659053440000000101e+00
1.660591720000000215e+00
1.662130000000000107e+00
1.663638830000000013e+00
1.665147659999999918e+00
1.666482685000000075e+00
1.667817710000000009e+00
1.670037985000000003e+00
1.672258259999999996e+00
1.675074280000000027e+00
1.677890300000000057e+00
1.679716884999999937e+00
1.681543470000000040e+00
1.684139910000000073e+00
1.686736350000000106e+00
1.688894175000000164e+00
1.691052000000000000e+00
1.693216700000000019e+00
1.695381400000000038e+00
1.697746635000000115e+00
1.700111869999999969e+00
1.702166679999999932e+00
1.704221489999999894e+00
1.706330780000000047e+00
1.708440069999999977e+00
1.710580709999999893e+00
1.712721350000000031e+00
1.715563895000000061e+00
1.718406440000000091e+00
1.720113935000000094e+00
1.721821430000000097e+00
1.724394559999999910e+00
1.726967689999999944e+00
1.729904054999999996e+00
1.732840420000000048e+00
1.735001030000000055e+00
1.737161640000000062e+00
1.739866435000000155e+00
1.742571230000000027e+00
1.744634330000000011e+00
1.746697429999999995e+00
1.749129594999999870e+00
1.751561759999999968e+00
1.754454434999999979e+00
1.757347109999999990e+00
1.759776415000000149e+00
1.762205720000000087e+00
1.764255359999999939e+00
1.766305000000000014e+00
1.769660130000000109e+00
1.773015259999999982e+00
1.775230169999999941e+00
1.777445079999999900e+00
1.780630350000000028e+00
1.783815619999999935e+00
1.786894020000000083e+00
1.789972420000000008e+00
1.792456979999999866e+00
1.794941539999999947e+00
1.797087369999999851e+00
1.799233199999999977e+00
1.801686644999999976e+00
1.804140089999999974e+00
1.806983589999999973e+00
1.809827089999999972e+00
1.812744855000000044e+00
1.815662619999999894e+00
1.818565809999999949e+00
1.821469000000000005e+00
1.823416260000000122e+00
1.825363520000000017e+00
1.827043175000000019e+00
1.828722830000000021e+00
1.831832050000000045e+00
1.834941270000000069e+00
1.837977710000000098e+00
1.841014149999999905e+00
1.842867435000000054e+00
1.844720719999999980e+00
1.847484230000000061e+00
1.850247739999999919e+00
1.853481649999999981e+00
1.856715560000000043e+00
1.858801839999999927e+00
1.860888120000000034e+00
1.864184320000000117e+00
1.867480519999999977e+00
1.869851590000000119e+00
1.872222660000000038e+00
1.875300764999999981e+00
1.878378869999999923e+00
1.880680739999999851e+00
1.882982610000000001e+00
1.886022389999999938e+00
1.889062170000000096e+00
1.893259705000000181e+00
1.897457240000000045e+00
1.900488619999999962e+00
1.903520000000000101e+00
1.906418450000000098e+00
1.909316900000000095e+00
1.911107364999999891e+00
1.912897829999999910e+00
1.915671944999999932e+00
1.918446059999999953e+00
1.921170829999999885e+00
1.923895600000000039e+00
1.926786719999999953e+00
1.929677840000000089e+00
1.932731030000000016e+00
1.935784219999999944e+00
1.938310679999999842e+00
1.940837139999999961e+00
1.942723870000000019e+00
1.944610600000000078e+00
1.947128360000000002e+00
1.949646119999999927e+00
1.951682560000000066e+00
1.953718999999999983e+00
1.956434835000000039e+00
1.959150670000000094e+00
1.962335170000000018e+00
1.965519669999999941e+00
1.968381229999999871e+00
1.971242790000000022e+00
1.973998394999999961e+00
1.976753999999999900e+00
1.978399179999999813e+00
1.980044359999999948e+00
1.982846855000000019e+00
1.985649350000000091e+00
1.988218310000000155e+00
1.990787269999999998e+00
1.994623185000000021e+00
1.998459100000000044e+00
2.000624895000000070e+00
2.002790689999999874e+00
2.005565344999999944e+00
2.008340000000000014e+00
2.011211335000000044e+00
2.014082670000000075e+00
2.018776415000000046e+00
2.023470160000000018e+00
2.025445935000000031e+00
2.027421710000000044e+00
2.031417250000000063e+00
2.035412790000000083e+00
2.038913250000000232e+00
2.042413709999999938e+00
2.045911854999999946e+00
2.049409999999999954e+00
2.055795999999999957e+00
2.062181999999999960e+00
2.064502384999999940e+00
2.066822769999999920e+00
2.071098090000000003e+00
2.075373410000000085e+00
2.079239965000000190e+00
2.083106519999999851e+00
2.085180639999999919e+00
2.087254759999999987e+00
2.091137289999999815e+00
2.095019820000000088e+00
2.097617030000000327e+00
2.100214240000000121e+00
2.105922815000000003e+00
2.111631389999999886e+00
2.115259524999999918e+00
2.118887659999999951e+00
2.120142219999999966e+00
2.121396779999999982e+00
2.126183509999999721e+00
2.130970239999999905e+00
2.136937019999999965e+00
2.142903800000000025e+00
2.145487399999999933e+00
2.148070999999999842e+00
2.152161999999999686e+00
2.156252999999999975e+00
2.160730909999999838e+00
2.165208820000000145e+00
2.169234995000000055e+00
2.173261169999999964e+00
2.177347779999999844e+00
2.181434390000000167e+00
2.183772444999999784e+00
2.186110499999999845e+00
2.189029575000000172e+00
2.191948650000000054e+00
2.195740105000000053e+00
2.199531560000000052e+00
2.203286410000000028e+00
2.207041260000000005e+00
2.211915489999999984e+00
2.216789719999999964e+00
2.220909595000000181e+00
2.225029469999999954e+00
2.227588415000000044e+00
2.230147360000000134e+00
2.232893180000000033e+00
2.235638999999999932e+00
2.239158224999999725e+00
2.242677449999999961e+00
2.246830464999999943e+00
2.250983479999999926e+00
2.252228859999999777e+00
2.253474240000000073e+00
2.257011775000000053e+00
2.260549310000000034e+00
2.263871154999999913e+00
2.267192999999999792e+00
2.271189500000000194e+00
2.275186000000000153e+00
2.279827919999999786e+00
2.284469839999999863e+00
2.287716269999999774e+00
2.290962700000000130e+00
2.297415495000000085e+00
2.303868290000000041e+00
2.307108519999999885e+00
2.310348750000000173e+00
2.313780310000000284e+00
2.317211869999999951e+00
2.319521550000000154e+00
2.321831229999999913e+00
2.325781614999999913e+00
2.329731999999999914e+00
2.333313255000000197e+00
2.336894510000000036e+00
2.343194484999999716e+00
2.349494459999999840e+00
2.354423524999999628e+00
2.359352589999999861e+00
2.363228085000000256e+00
2.367103580000000207e+00
2.374020934999999888e+00
2.380938290000000013e+00
2.389422644999999790e+00
2.397907000000000011e+00
2.403244250000000193e+00
2.408581499999999931e+00
2.414646509999999857e+00
2.420711519999999783e+00
2.426912429999999787e+00
2.433113339999999791e+00
2.438611984999999649e+00
2.444110629999999951e+00
2.450212119999999771e+00
2.456313610000000036e+00
2.459733130000000045e+00
2.463152650000000055e+00
2.465664150000000276e+00
2.468175650000000054e+00
2.474328520000000253e+00
2.480481390000000008e+00
2.481990340000000295e+00
2.483499290000000137e+00
2.486868645000000377e+00
2.490238000000000174e+00
2.497493770000000168e+00
2.504749540000000163e+00
2.507564069999999923e+00
2.510378600000000127e+00
2.516443800000000230e+00
2.522508999999999890e+00
2.522622655000000158e+00
2.522736309999999982e+00
2.531063319999999894e+00
2.539390329999999807e+00
2.545233014999999988e+00
2.551075700000000168e+00
2.557870509999999875e+00
2.564665320000000026e+00
2.569310160000000121e+00
2.573955000000000215e+00
2.578643174999999843e+00
2.583331349999999915e+00
2.591090324999999694e+00
2.598849299999999918e+00
2.605827569999999760e+00
2.612805840000000046e+00
2.618874309999999817e+00
2.624942780000000031e+00
2.628026130000000293e+00
2.631109480000000111e+00
2.629542240000000142e+00
2.627975000000000172e+00
2.633466250000000120e+00
2.638957500000000067e+00
2.643387675000000048e+00
2.647817850000000028e+00
2.653610705000000181e+00
2.659403559999999889e+00
2.665303704999999912e+00
2.671203849999999935e+00
2.677809120000000043e+00
2.684414390000000150e+00
2.690974835000000009e+00
2.697535279999999869e+00
2.703669790000000184e+00
2.709804300000000055e+00
2.715502149999999837e+00
2.721200000000000063e+00
2.728367334999999727e+00
2.735534669999999835e+00
2.740211334999999693e+00
2.744887999999999995e+00
2.747470344999999980e+00
2.750052689999999966e+00
2.756255845000000093e+00
2.762459000000000220e+00
2.768620590000000270e+00
2.774782179999999876e+00
