4.542278350000000242e-01
4.639288189999999923e-01
4.736710490000000107e-01
4.839506149999999729e-01
4.944947359999999903e-01
5.054189559999999748e-01
5.168876000000000026e-01
5.280941000000000107e-01
5.399492000000000180e-01
5.518045000000000311e-01
5.633156000000000274e-01
5.747505429999999471e-01
5.867137310000000161e-01
5.985364319999999516e-01
6.106962999999999697e-01
6.235355999999999677e-01
6.362139999999999462e-01
6.497108000000000327e-01
6.631734000000000240e-01
6.769091489999999878e-01
6.836232540000000135e-01
6.897443530000000322e-01
6.954865000000000075e-01
7.017231579999999580e-01
7.076692580000000232e-01
7.137183000000000277e-01
7.194387319999999697e-01
7.251680489999999812e-01
7.304792399999999741e-01
7.362016999999999589e-01
7.345380000000000242e-01
7.327278999999999876e-01
7.305187579999999903e-01
7.282961000000000018e-01
7.259031000000000233e-01
7.236029999999999962e-01
7.208402999999999894e-01
7.183497549999999787e-01
7.151220440000000123e-01
7.126360000000000472e-01
7.093038000000000398e-01
7.050350309999999787e-01
7.002878999999999632e-01
6.957594999999999752e-01
6.915894999999999682e-01
6.880961660000000091e-01
6.850572999999999801e-01
6.818697999999999704e-01
6.792472600000000194e-01
6.765423999999999882e-01
6.778450000000000308e-01
6.789927000000000046e-01
6.799895000000000245e-01
6.810418000000000305e-01
6.824029000000000345e-01
6.839409469999999658e-01
6.852224999999999566e-01
6.865446570000000026e-01
6.884010430000000458e-01
6.901190000000000380e-01
6.946295000000000108e-01
6.992482540000000135e-01
7.039942999999999618e-01
7.086977359999999670e-01
7.138330000000000508e-01
7.191551999999999945e-01
7.248878479999999458e-01
7.302393000000000356e-01
7.362277510000000413e-01
7.421806450000000277e-01
7.495011000000000312e-01
7.573343000000000158e-01
7.650879000000000429e-01
7.726771999999999530e-01
7.806489469999999820e-01
7.894600000000000506e-01
7.983462000000000058e-01
8.069926499999999780e-01
8.158398999999999512e-01
8.245327999999999546e-01
8.345372680000000543e-01
8.448648450000000310e-01
8.543819999999999748e-01
8.638808999999999516e-01
8.738399999999999501e-01
8.833041000000000365e-01
8.927979470000000362e-01
9.016766999999999976e-01
9.106144000000000460e-01
9.185765390000000252e-01
9.281783000000000117e-01
9.375102520000000439e-01
9.461801650000000175e-01
9.543338420000000433e-01
9.627209310000000020e-01
9.704171000000000324e-01
9.782650000000000512e-01
9.855907560000000123e-01
9.933055640000000297e-01
1.000000119999999937e+00
1.007962000000000025e+00
1.015177369999999968e+00
1.021700260000000027e+00
1.028148999999999980e+00
1.033804539999999994e+00
1.039481000000000099e+00
1.044856790000000091e+00
1.050062999999999969e+00
1.055193779999999970e+00
1.060768249999999968e+00
1.066677450000000027e+00
1.072793719999999951e+00
1.079866650000000039e+00
1.087271810000000061e+00
1.095510599999999890e+00
1.104126689999999966e+00
1.113516570000000039e+00
1.123057720000000037e+00
1.132583499999999965e+00
1.142660500000000079e+00
1.142343520000000057e+00
1.141916869999999973e+00
1.141097000000000028e+00
1.140296940000000037e+00
1.139517190000000069e+00
1.138618230000000064e+00
1.137842540000000069e+00
1.136923190000000083e+00
1.135438799999999970e+00
1.134685280000000018e+00
1.131985660000000005e+00
1.129090429999999978e+00
1.125907999999999909e+00
1.122787999999999897e+00
1.119704599999999939e+00
1.116627100000000095e+00
1.113769529999999897e+00
1.110683679999999951e+00
1.107649090000000003e+00
1.104479910000000009e+00
1.104359389999999941e+00
1.103942629999999925e+00
1.103452679999999964e+00
1.102895139999999996e+00
1.102480649999999951e+00
1.102462169999999908e+00
1.102397000000000071e+00
1.101473090000000044e+00
1.100339650000000002e+00
1.099140760000000050e+00
1.099240999999999913e+00
1.099383350000000092e+00
1.099692579999999920e+00
1.099928999999999935e+00
1.100726840000000095e+00
1.101297500000000040e+00
1.101739650000000070e+00
1.102346059999999905e+00
1.103323939999999892e+00
1.103772999999999893e+00
1.105046629999999919e+00
1.105958940000000057e+00
1.106546639999999915e+00
1.106867309999999938e+00
1.107016999999999918e+00
1.107855559999999961e+00
1.108701230000000093e+00
1.109838000000000102e+00
1.111536859999999960e+00
1.111681579999999947e+00
1.113265280000000024e+00
1.114130850000000006e+00
1.115595099999999951e+00
1.117610999999999910e+00
1.119488360000000071e+00
1.121609690000000104e+00
1.123397710000000105e+00
1.125693679999999919e+00
1.127951380000000059e+00
1.129696250000000068e+00
1.132459639999999990e+00
1.135072829999999922e+00
1.137857319999999950e+00
1.140541079999999985e+00
1.143696430000000097e+00
1.146510240000000014e+00
1.150104760000000059e+00
1.152835999999999972e+00
1.155768869999999948e+00
1.157018300000000055e+00
1.158385629999999944e+00
1.160240890000000080e+00
1.162121890000000102e+00
1.164008139999999969e+00
1.165342089999999997e+00
1.167002319999999926e+00
1.168497440000000109e+00
1.170385240000000104e+00
1.175600999999999896e+00
1.180450439999999990e+00
1.181243059999999900e+00
1.179042460000000014e+00
1.179157000000000011e+00
1.179828000000000099e+00
1.181937100000000074e+00
1.184607739999999909e+00
1.187000999999999973e+00
1.189380880000000085e+00
1.190661549999999957e+00
1.190964099999999970e+00
1.193408730000000029e+00
1.198418739999999927e+00
1.203382849999999893e+00
1.206886410000000076e+00
1.207755450000000064e+00
1.209659999999999958e+00
1.215744500000000006e+00
1.222804070000000021e+00
1.226392270000000062e+00
1.224831100000000061e+00
1.221583599999999992e+00
1.222145919999999997e+00
1.225130199999999947e+00
1.224483130000000086e+00
1.220431089999999941e+00
1.217926740000000008e+00
1.219801899999999995e+00
1.221428509999999967e+00
1.223179940000000077e+00
1.225409390000000043e+00
1.229147320000000043e+00
1.231012999999999913e+00
1.229565140000000056e+00
1.222465160000000051e+00
1.214310999999999918e+00
1.210552929999999971e+00
1.217981100000000039e+00
1.231203910000000068e+00
1.250176670000000101e+00
1.272659999999999902e+00
1.301846999999999976e+00
1.334703799999999996e+00
1.364772000000000096e+00
1.392338159999999991e+00
1.418679999999999941e+00
1.444682239999999895e+00
1.467323179999999949e+00
1.484742000000000006e+00
1.498705739999999897e+00
1.508796929999999925e+00
1.516607000000000038e+00
1.521723630000000105e+00
1.523515820000000076e+00
1.523574470000000014e+00
1.522141699999999931e+00
1.519709710000000102e+00
1.517372130000000041e+00
1.514488000000000056e+00
1.511101369999999999e+00
1.508496760000000103e+00
1.505199430000000005e+00
1.503559709999999994e+00
1.500809309999999952e+00
1.498714569999999968e+00
1.495809670000000091e+00
1.493570449999999994e+00
1.491557360000000054e+00
1.490370270000000108e+00
1.489833469999999993e+00
1.488416189999999917e+00
1.487670899999999907e+00
1.487093449999999928e+00
1.485739109999999918e+00
1.485320570000000062e+00
1.485477450000000088e+00
1.485942840000000098e+00
1.486380220000000030e+00
1.486544129999999964e+00
1.486360069999999922e+00
1.485976820000000087e+00
1.486667629999999907e+00
1.487489819999999963e+00
1.488053319999999902e+00
1.489932180000000050e+00
1.491148829999999981e+00
1.492949719999999925e+00
1.494070529999999897e+00
1.495278239999999981e+00
1.496401309999999985e+00
1.497836109999999943e+00
1.499956250000000102e+00
1.501230480000000034e+00
1.502426739999999983e+00
1.504351739999999937e+00
1.507627370000000022e+00
1.509613749999999976e+00
1.511206749999999932e+00
1.512448910000000035e+00
1.515275120000000086e+00
1.516604070000000082e+00
1.519630910000000057e+00
1.522131679999999987e+00
1.525448920000000097e+00
1.528526309999999944e+00
1.531611800000000079e+00
1.535940529999999971e+00
1.539307830000000044e+00
1.542034270000000040e+00
1.545777560000000106e+00
1.549061779999999944e+00
1.552140239999999949e+00
1.554664730000000050e+00
1.556729669999999954e+00
1.559024930000000086e+00
1.561786289999999910e+00
1.563990709999999895e+00
1.566458109999999904e+00
1.569979669999999938e+00
1.572359199999999957e+00
1.574260830000000055e+00
1.578013780000000033e+00
1.581042650000000105e+00
1.582766890000000037e+00
1.585254189999999896e+00
1.588033199999999923e+00
1.590108749999999960e+00
1.594478129999999938e+00
1.596458549999999921e+00
1.600270389999999932e+00
1.603450779999999964e+00
1.607604269999999946e+00
1.610747219999999924e+00
1.616235379999999999e+00
1.620786999999999978e+00
1.625662799999999963e+00
1.629790999999999990e+00
1.634303330000000054e+00
1.637742519999999979e+00
1.641283749999999930e+00
1.645594599999999907e+00
1.649054529999999907e+00
1.652856469999999911e+00
1.655812999999999979e+00
1.659053440000000101e+00
1.662130000000000107e+00
1.665147659999999918e+00
1.667817710000000009e+00
1.672258259999999996e+00
1.677890300000000057e+00
1.681543470000000040e+00
1.686736350000000106e+00
1.691052000000000000e+00
1.695381400000000038e+00
1.700111869999999969e+00
1.704221489999999894e+00
1.708440069999999977e+00
1.712721350000000031e+00
1.718406440000000091e+00
1.721821430000000097e+00
1.726967689999999944e+00
1.732840420000000048e+00
1.737161640000000062e+00
1.742571230000000027e+00
1.746697429999999995e+00
1.751561759999999968e+00
1.757347109999999990e+00
1.762205720000000087e+00
1.766305000000000014e+00
1.773015259999999982e+00
1.777445079999999900e+00
1.783815619999999935e+00
1.789972420000000008e+00
1.794941539999999947e+00
1.799233199999999977e+00
1.804140089999999974e+00
1.809827089999999972e+00
1.815662619999999894e+00
1.821469000000000005e+00
1.825363520000000017e+00
1.828722830000000021e+00
1.834941270000000069e+00
1.841014149999999905e+00
1.844720719999999980e+00
1.850247739999999919e+00
1.856715560000000043e+00
1.860888120000000034e+00
1.867480519999999977e+00
1.872222660000000038e+00
1.878378869999999923e+00
1.882982610000000001e+00
1.889062170000000096e+00
1.897457240000000045e+00
1.903520000000000101e+00
1.909316900000000095e+00
1.912897829999999910e+00
1.918446059999999953e+00
1.923895600000000039e+00
1.929677840000000089e+00
1.935784219999999944e+00
1.940837139999999961e+00
1.944610600000000078e+00
1.949646119999999927e+00
1.953718999999999983e+00
1.959150670000000094e+00
1.965519669999999941e+00
1.971242790000000022e+00
1.976753999999999900e+00
1.980044359999999948e+00
1.985649350000000091e+00
1.990787269999999998e+00
1.998459100000000044e+00
2.002790689999999874e+00
2.008340000000000014e+00
2.014082670000000075e+00
2.023470160000000018e+00
2.027421710000000044e+00
2.035412790000000083e+00
2.042413709999999938e+00
2.049409999999999954e+00
2.062181999999999960e+00
2.066822769999999920e+00
2.075373410000000085e+00
2.083106519999999851e+00
2.087254759999999987e+00
2.095019820000000088e+00
2.100214240000000121e+00
2.111631389999999886e+00
2.118887659999999951e+00
2.121396779999999982e+00
2.130970239999999905e+00
2.142903800000000025e+00
2.148070999999999842e+00
2.156252999999999975e+00
2.165208820000000145e+00
2.173261169999999964e+00
2.181434390000000167e+00
2.186110499999999845e+00
2.191948650000000054e+00
2.199531560000000052e+00
2.207041260000000005e+00
2.216789719999999964e+00
2.225029469999999954e+00
2.230147360000000134e+00
2.235638999999999932e+00
2.242677449999999961e+00
2.250983479999999926e+00
2.253474240000000073e+00
2.260549310000000034e+00
2.267192999999999792e+00
2.275186000000000153e+00
2.284469839999999863e+00
2.290962700000000130e+00
2.303868290000000041e+00
2.310348750000000173e+00
2.317211869999999951e+00
2.321831229999999913e+00
2.329731999999999914e+00
2.336894510000000036e+00
2.349494459999999840e+00
2.359352589999999861e+00
2.367103580000000207e+00
2.380938290000000013e+00
2.397907000000000011e+00
2.408581499999999931e+00
2.420711519999999783e+00
2.433113339999999791e+00
2.444110629999999951e+00
2.456313610000000036e+00
2.463152650000000055e+00
2.468175650000000054e+00
2.480481390000000008e+00
2.483499290000000137e+00
2.490238000000000174e+00
2.504749540000000163e+00
2.510378600000000127e+00
2.522508999999999890e+00
2.522736309999999982e+00
2.539390329999999807e+00
2.551075700000000168e+00
2.564665320000000026e+00
2.573955000000000215e+00
2.583331349999999915e+00
2.598849299999999918e+00
2.612805840000000046e+00
2.624942780000000031e+00
2.631109480000000111e+00
2.627975000000000172e+00
2.638957500000000067e+00
2.647817850000000028e+00
2.659403559999999889e+00
2.671203849999999935e+00
2.684414390000000150e+00
2.697535279999999869e+00
2.709804300000000055e+00
2.721200000000000063e+00
2.735534669999999835e+00
2.744887999999999995e+00
2.750052689999999966e+00
2.762459000000000220e+00
2.774782179999999876e+00
