<Session>
Acquisition 1 2017-07-12 16:44:25
<Group>
Detector1
2
401		401	
D1 300:250-650	T636354682363128744	D1 300:250-650 [COR]	T636354682363128746
X	Y	X	Y
250	21.00122	250	4787.725
251	83.0108	251	18992.3223
252	78.01001	252	17838.3027
253	141.020508	253	32302.5234
254	10.9997559	254	2517.803
255	88.0116	255	20122.5586
256	166.024841	256	37991.9531
257	72.00903	257	16476.8984
258	39.0039063	258	8928.466
259	56.00653	259	12812.5918
260	1.99847412	260	458.14035
261	101.013733	261	23113.6719
262	134.019287	262	30698.8066
263	96.01294	263	22091.62
264	130.018616	264	29901.4258
265	18.0007935	265	4131.46
266	92.01227	266	21097.75
267	66.00812	267	15140.4316
268	119.016724	268	27302.9141
269	134.019287	269	30802.2266
270	30.0025635	270	6897.53369
271	99.01343	271	22769.3359
272	24.0016479	272	5513.529
273	15.0003662	273	3455.51978
274	36.00348	274	8278.57
275	95.01276	275	21876.6973
276	81.0105	276	18689.7441
277	96.01294	277	22099.3027
278	38.0037842	278	8755.858
279	87.0114746	279	20061.627
280	114.015869	280	26358.5527
281	176.026611	281	40718.5664
282	95.01276	282	21979.9375
283	140.020325	283	32321.7871
284	95.01276	284	21894.2168
285	74.0094	285	17063.2324
286	134.019287	286	31049.17
287	143.020813	287	33059.3867
288	16.0004883	288	3700.72461
289	11.9998779	289	2775.91553
290	62.0075073	290	14351.1338
291	-10.0032959	291	-2319.156
292	82.01068	292	18972.748
293	-4.00244141	293	-928.4758
294	147.021545	294	34037.66
295	70.00873	295	16178.6221
296	118.016541	296	27286.3
297	53.0061035	297	12268.2637
298	74.0094	298	17122.29
299	152.0224	299	35191.74
300	139.020142	300	32225.8086
301	147.021545	301	34403.5625
302	36.00348	302	8500.213
303	77.00983	303	17730.8047
304	71.00891	304	15834.2188
305	99.01343	305	21677
306	20.0010986	306	4313.58252
307	42.0043945	307	8770.698
308	126.017944	308	25558.9844
309	56.00653	309	11287.4141
310	104.014221	310	20760.42
311	31.0027466	311	5915.62744
312	17.00061	312	3090.75171
313	96.01294	313	17022.68
314	137.019775	314	23500.9277
315	91.012085	315	14890.9219
316	150.022034	316	23238.8789
317	28.0022583	317	4149.233
318	79.01019	318	11128.4766
319	43.0045166	319	5766.32861
320	104.014221	320	13195.0293
321	39.0039063	321	4746.6123
322	86.01129	322	9992.17
323	87.0114746	323	9777.308
324	43.0045166	324	4628.83545
325	97.01306	325	10165.4727
326	101.013733	326	10310.23
327	38.0037842	327	3670.61987
328	-0.00183105469	328	-0.16801855
329	98.0132446	329	8711.268
330	45.00482	330	3874.49854
331	110.015259	331	9251.067
332	-3.0022583	332	-245.530533
333	35.0032959	333	2793.31177
334	76.0097046	334	5890.75439
335	88.0116	335	6615.37842
336	32.00287	336	2317.5896
337	105.014404	337	7544.621
338	51.0058	338	3608.56128
339	116.016235	339	8022.921
340	46.0050049	340	3086.418
341	50.0056152	341	3316.22729
342	-0.00183105469	342	-0.120260686
343	7.99932861	343	515.756
344	78.01001	344	4901.601
345	119.016724	345	7439.693
346	28.0022583	346	1725.47546
347	102.013916	347	6191.864
348	60.00714	348	3572.557
349	58.0068359	349	3388.85522
350	97.01306	350	5554.56
351	48.00531	351	2696.45044
352	59.00702	352	3259.78369
353	44.0047	353	2397.72046
354	48.00531	354	2582.96973
355	89.01178	355	4753.65625
356	135.01947	356	7156.24658
357	57.0067139	357	2983.47559
358	-25.0053711	358	-1294.44373
359	78.01001	359	3936.5105
360	89.01178	360	4370.699
361	69.008606	361	3381.58765
362	124.017578	362	6082.865
363	58.0068359	363	2840.7085
364	49.0054932	364	2366.52222
365	71.00891	365	3396.02319
366	57.0067139	366	2680.62964
367	27.0021362	367	1272.25562
368	37.0036	368	1739.454
369	-21.0048218	369	-978.2511
370	58.0068359	370	2657.11157
371	74.0094	371	3382.43
372	20.0010986	372	908.8929
373	103.0141	373	4639.855
374	-2.00213623	374	-89.54344
375	52.00592	375	2325.02661
376	8.999451	376	403.2153
377	120.016907	377	5304.19434
378	31.0027466	378	1366.12268
379	42.0043945	379	1833.88464
380	24.0016479	380	1039.02026
381	38.0037842	381	1629.827
382	-39.0073242	382	-1660.6095
383	119.016724	383	5061.091
384	42.0043945	384	1782.46094
385	49.0054932	385	2074.21582
386	51.0058	386	2144.394
387	47.005127	387	1949.10669
388	19.0009155	388	779.276245
389	43.0045166	389	1740.65515
390	25.0018311	390	1004.002
391	87.0114746	391	3470.12622
392	-8.002991	392	-318.602966
393	77.00983	393	3049.192
394	21.00122	394	829.4642
395	-2.00213623	395	-78.3995
396	68.00842	396	2624.73926
397	117.016418	397	4498.044
398	-47.0084229	398	-1797.27087
399	91.012085	399	3452.27979
400	-0.00183105469	400	-0.06899295
401	53.0061035	401	1975.38684
402	34.0031738	402	1260.689
403	17.00061	403	624.459045
404	49.0054932	404	1795.43359
405	8.999451	405	329.26535
406	52.00592	406	1905.422
407	52.00592	407	1889.725
408	19.0009155	408	687.1605
409	53.0061035	409	1898.19043
410	44.0047	410	1566.86487
411	31.0027466	411	1104.75659
412	0.998291	412	35.58447
413	109.015076	413	3862.72
414	91.012085	414	3213.30249
415	24.0016479	415	839.044861
416	34.0031738	416	1183.23914
417	-37.00702	417	-1287.00659
418	11.9998779	418	416.2896
419	60.00714	419	2068.50659
420	-7.00286865	420	-240.721054
421	82.01068	421	2809.889
422	26.0019531	422	890.016235
423	51.0058	423	1739.7887
424	55.00641	424	1871.20361
425	56.00653	425	1900.25671
426	57.0067139	426	1920.89038
427	9.999634	427	338.862457
428	88.0116	428	2983.82031
429	26.0019531	429	877.182251
430	-77.01233	430	-2599.55542
431	47.005127	431	1589.62463
432	-30.0061035	432	-1016.25092
433	11.9998779	433	407.225555
434	39.0039063	434	1328.30554
435	26.0019531	435	884.7209
436	16.0004883	436	543.9309
437	-20.0047	437	-683.3431
438	39.0039063	438	1336.52466
439	10.9997559	439	377.231567
440	55.00641	440	1896.008
441	4.99890137	441	173.070953
442	-55.00946	442	-1911.93347
443	16.0004883	443	556.485168
444	60.00714	444	2096.76514
445	-47.0084229	445	-1644.721
446	71.00891	446	2494.38
447	21.00122	447	739.7468
448	60.00714	448	2132.04443
449	94.01257	449	3326.10474
450	25.0018311	450	887.1555
451	-30.0061035	451	-1069.87415
452	-11.003418	452	-392.763916
453	-32.0063477	453	-1150.44824
454	55.00641	454	1987.64648
455	-19.0045776	455	-684.4506
456	111.015381	456	4034.59717
457	32.00287	457	1161.67883
458	35.0032959	458	1275.76123
459	23.0015259	459	842.002869
460	17.00061	460	621.162537
461	51.0058	461	1880.19983
462	10.9997559	462	409.397675
463	20.0010986	463	746.7919
464	-20.0047	464	-750.4537
465	24.0016479	465	904.0416
466	63.00763	466	2387.6853
467	56.00653	467	2124.33643
468	-2.00213623	468	-76.0484543
469	36.00348	469	1378.09192
470	1.99847412	470	76.85854
471	74.0094	471	2873.60864
472	37.0036	472	1444.1676
473	56.00653	473	2199.29614
474	46.0050049	474	1818.04919
475	-1.00201416	475	-39.65829
476	-1.00201416	476	-39.849968
477	53.0061035	477	2128.67871
478	18.0007935	478	726.3157
479	53.0061035	479	2144.89014
480	26.0019531	480	1056.93872
481	-10.0032959	481	-410.5427
482	47.005127	482	1938.82312
483	-43.0078735	483	-1772.7522
484	-24.005249	484	-995.585938
485	-13.0037231	485	-541.2942
486	-11.003418	486	-459.4315
487	-66.0109253	487	-2783.66016
488	83.0108	488	3531.149
489	34.0031738	489	1452.353
490	18.0007935	490	774.232
491	2.99859619	491	129.344666
492	-30.0061035	492	-1308.63818
493	-8.002991	493	-349.8004
494	35.0032959	494	1545.37866
495	63.00763	495	2791.1228
496	-17.0042725	496	-760.9635
497	15.0003662	497	673.5875
498	-52.0090942	498	-2345.54321
499	0.998291	499	45.1177864
500	35.0032959	500	1585.88647
501	4.99890137	501	228.651978
502	44.0047	502	2023.32214
503	24.0016479	503	1110.11682
504	40.00409	504	1862.4458
505	-11.003418	505	-514.639
506	19.0009155	506	891.6703
507	29.0024414	507	1373.44006
508	0.998291	508	47.5018654
509	-13.0037231	509	-622.8344
510	8.999451	510	433.369629
511	-61.0102539	511	-2958.41235
512	56.00653	512	2723.35376
513	73.00922	513	3585.52783
514	43.0045166	514	2129.64233
515	-25.0053711	515	-1243.671
516	1.99847412	516	99.7480545
517	47.005127	517	2365.03
518	13.000061	518	657.995544
519	-29.00592	519	-1484.0863
520	20.0010986	520	1028.16931
521	-0.00183105469	521	-0.09471278
522	-5.00256348	522	-261.218445
523	44.0047	523	2307.04932
524	47.005127	524	2487.092
525	-31.0062256	525	-1649.7887
526	13.000061	526	694.8337
527	-0.00183105469	527	-0.09890956
528	-0.00183105469	528	-0.0998379961
529	33.00305	529	1812.1322
530	35.0032959	530	1925.71729
531	42.0043945	531	2325.81519
532	60.00714	532	3343.75928
533	-79.0126343	533	-4435.61426
534	30.0025635	534	1686.445
535	11.9998779	535	680.5139
536	-12.00354	536	-684.965
537	-20.0047	537	-1149.396
538	22.0014038	538	1270.759
539	-48.0085449	539	-2798.49463
540	19.0009155	540	1113.15112
541	-22.0049438	541	-1295.21277
542	73.00922	542	4332.74854
543	23.0015259	543	1372.89453
544	5.99902344	544	360.3666
545	-83.01312	545	-4989.87939
546	39.0039063	546	2360.71021
547	44.0047	547	2685.38452
548	42.0043945	548	2582.616
549	16.0004883	549	993.967163
550	-20.0047	550	-1243.58826
551	-35.0067749	551	-2187.56738
552	31.0027466	552	1956.27332
553	37.0036	553	2353.81421
554	-17.0042725	554	-1095.30029
555	71.00891	555	4589.75635
556	53.0061035	556	3447.09033
557	38.0037842	557	2490.523
558	64.00781	558	4239.535
559	23.0015259	559	1534.26257
560	-21.0048218	560	-1407.65332
561	-19.0045776	561	-1286.4386
562	-38.0072021	562	-2596.13623
563	-18.0043945	563	-1241.71533
564	-56.0095825	564	-3886.14819
565	8.999451	565	629.1399
566	-53.0092163	566	-3742.84277
567	18.0007935	567	1278.07361
568	-41.00757	568	-2950.48413
569	-43.0078735	569	-3106.517
570	61.0073242	570	4453.50732
571	1.99847412	571	147.782166
572	-36.006897	572	-2684.291
573	-19.0045776	573	-1425.5697
574	26.0019531	574	1956.90576
575	20.0010986	575	1520.10437
576	-37.00702	576	-2833.077
577	-150.02124	577	-11560.4092
578	-18.0043945	578	-1394.67627
579	-8.002991	579	-626.13385
580	-58.0098877	580	-4564.10254
581	-16.00415	581	-1263.853
582	-82.013	582	-6520.557
583	-19.0045776	583	-1528.23926
584	-15.0039673	584	-1214.45068
585	-63.01056	585	-5136.105
586	14.0001831	586	1147.84546
587	-14.0038452	587	-1155.95386
588	38.0037842	588	3153.27686
589	39.0039063	589	3267.86743
590	35.0032959	590	2942.66016
591	3.99871826	591	339.40625
592	-5.00256348	592	-427.567657
593	2.99859619	593	257.279724
594	31.0027466	594	2675.2312
595	-9.003113	595	-782.7119
596	-2.00213623	596	-175.994324
597	23.0015259	597	2027.9906
598	3.99871826	598	356.624817
599	-40.0074463	599	-3606.29858
600	-8.002991	600	-724.9485
601	32.00287	601	2921.612
602	120.016907	602	11042.1426
603	39.0039063	603	3624.312
604	23.0015259	604	2158.63232
605	58.0068359	605	5471.68945
606	47.005127	606	4471.24072
607	-68.01117	607	-6546.80225
608	-38.0072021	608	-3715.71582
609	11.9998779	609	1180.29358
610	-44.0079956	610	-4371.602
611	30.0025635	611	3016.035
612	22.0014038	612	2228.218
613	17.00061	613	1736.03674
614	45.00482	614	4629.529
615	23.0015259	615	2393.26758
616	15.0003662	616	1570.90088
617	8.999451	617	954.258057
618	37.0036	618	3962.97363
619	40.00409	619	4315.39648
620	45.00482	620	4899.02441
621	25.0018311	621	2752.53052
622	22.0014038	622	2440.79761
623	76.0097046	623	8513.159
624	55.00641	624	6211.893
625	-49.008667	625	-5588.787
626	-11.003418	626	-1270.02209
627	2.99859619	627	349.3708
628	-54.00934	628	-6374.681
629	43.0045166	629	5112.542
630	29.0024414	630	3469.71021
631	17.00061	631	2061.14136
632	96.01294	632	11719.9854
633	-93.0144043	633	-11487.78
634	58.0068359	634	7235.15674
635	25.0018311	635	3168.94482
636	3.99871826	636	512.2368
637	-95.01465	637	-12301.0225
638	-32.0063477	638	-4162.792
639	32.00287	639	4196.19531
640	52.00592	640	6912.664
641	81.0105	641	10889.2793
642	-25.0053711	642	-3391.89233
643	35.0032959	643	4780.71533
644	38.0037842	644	5262.28
645	25.0018311	645	3488.47656
646	-2.00213623	646	-284.069336
647	68.00842	647	9709.164
648	-15.0039673	648	-2169.196
649	-25.0053711	649	-3646.27246
650	8.999451	650	1328.77979
</Group>
<Group>
RCQCSignal
1
401	
ExCorr	T636354682363128745
X	Y
250	0.0442941934
251	0.044135496
252	0.04415992
253	0.0440836251
254	0.0441156626
255	0.0441660136
256	0.0441278666
257	0.04413092
258	0.0441126078
259	0.0441400856
260	0.0440485328
261	0.04413092
262	0.0440836251
263	0.04388678
264	0.04390815
265	0.043996647
266	0.04403937
267	0.04402411
268	0.0440180153
269	0.04393561
270	0.0439234078
271	0.04391119
272	0.0439585
273	0.0438348949
274	0.04391578
275	0.0438562632
276	0.0437692851
277	0.0438715219
278	0.0438288
279	0.0437967479
280	0.0436792523
281	0.0436533242
282	0.04365027
283	0.043744877
284	0.04382117
285	0.0437982827
286	0.04358618
287	0.04368536
288	0.04365942
289	0.04365179
290	0.0436304361
291	0.043555662
292	0.0436487347
293	0.04352972
294	0.0436166972
295	0.0436960459
296	0.0436746776
297	0.0436289
298	0.0436472148
299	0.04362127
300	0.0435617566
301	0.0435480326
302	0.0435541272
303	0.04334356
304	0.04339239
305	0.0434442759
306	0.04333745
307	0.04344274
308	0.0433664471
309	0.0432611555
310	0.0432977825
311	0.04334204
312	0.0434442759
313	0.0432520062
314	0.0433695
315	0.04334356
316	0.0435419232
317	0.04331915
318	0.0432581156
319	0.0432947278
320	0.0434946269
321	0.0434213877
322	0.0434763134
323	0.04332982
324	0.0435449779
325	0.0434763134
326	0.0433466136
327	0.0435404032
328	0.0434442759
329	0.0434961468
330	0.0435037762
331	0.04338476
332	0.0434213877
333	0.04334967
334	0.0434534252
335	0.0433969647
336	0.0435831249
337	0.0434167981
338	0.0435663462
339	0.0434167981
340	0.04356329
341	0.0435464978
342	0.04344122
343	0.0433633924
344	0.0435846448
345	0.04337865
346	0.0435678661
347	0.0433695
348	0.04333745
349	0.0433832258
350	0.0434702039
351	0.0435419232
352	0.0434900522
353	0.04357092
354	0.04359381
355	0.043480888
356	0.043367967
357	0.04339239
358	0.04333593
359	0.0433832258
360	0.043480888
361	0.04358007
362	0.0435495526
363	0.043317616
364	0.0436243266
365	0.0434610546
366	0.0436044931
367	0.043480888
368	0.0435449779
369	0.0433572978
370	0.0434778333
371	0.043468684
372	0.0436090678
373	0.04369147
374	0.04369299
375	0.0436395854
376	0.0434747934
377	0.0437845439
378	0.0436243266
379	0.043569386
380	0.0434778333
381	0.0435663462
382	0.04356481
383	0.04357855
384	0.04363501
385	0.0435098857
386	0.04356481
387	0.0436105877
388	0.0435266644
389	0.043668583
390	0.0435770154
391	0.0436411053
392	0.043480888
393	0.04356481
394	0.04352057
395	0.04343359
396	0.0435983837
397	0.04352209
398	0.0435037762
399	0.0435495526
400	0.0435404032
401	0.0436639935
402	0.04352972
403	0.04370214
404	0.04357855
405	0.0435464978
406	0.04339391
407	0.0435541272
408	0.0435602367
409	0.0437051952
410	0.043668583
411	0.04356481
412	0.043480888
413	0.0435510874
414	0.04351598
415	0.0436136425
416	0.0434763134
417	0.04350072
418	0.0436075479
419	0.0435846448
420	0.0434045941
421	0.04359381
422	0.04368384
423	0.04372503
424	0.0437311381
425	0.043732658
426	0.043921873
427	0.0437128246
428	0.043732658
429	0.0438822061
430	0.04378912
431	0.0438165963
432	0.0438608378
433	0.04384406
434	0.0437601358
435	0.043770805
436	0.04378149
437	0.0437540263
438	0.0437998027
439	0.0438348949
440	0.04368384
441	0.04369451
442	0.0437280834
443	0.0437769145
444	0.04365027
445	0.0437280834
446	0.0436884165
447	0.0437876
448	0.04362738
449	0.0438181162
450	0.04369451
451	0.0436777323
452	0.04382269
453	0.0436884165
454	0.04362738
455	0.0438822061
456	0.04359533
457	0.0438120067
458	0.0437982827
459	0.0436777323
460	0.04383032
461	0.0438043773
462	0.0437418222
463	0.0437418222
464	0.0436746776
465	0.0437418222
466	0.0437189341
467	0.0437311381
468	0.04372199
469	0.0436716229
470	0.0437479168
471	0.0436060131
472	0.0436548442
473	0.043581605
474	0.0434992
475	0.0436472148
476	0.04365027
477	0.04353583
478	0.0436380655
479	0.04371436
480	0.0437174
481	0.04359381
482	0.043668583
483	0.04382269
484	0.0436777323
485	0.04370825
486	0.04376471
487	0.04358618
488	0.0434595346
489	0.0436044931
490	0.04362127
491	0.0437921733
492	0.0436060131
493	0.0437601358
494	0.04357092
495	0.04370062
496	0.04353124
497	0.04359381
498	0.0436166972
499	0.0436991
500	0.04376623
501	0.0436624736
502	0.043744877
503	0.04372962
504	0.04368384
505	0.0437036753
506	0.0437769145
507	0.0436579
508	0.04372503
509	0.04368384
510	0.04369299
511	0.04364264
512	0.04377234
513	0.0436807871
514	0.0436563641
515	0.04371436
516	0.0438059121
517	0.04376471
518	0.0438120067
519	0.0436243266
520	0.04370214
521	0.04372199
522	0.0435983837
523	0.04371588
524	0.0436060131
525	0.04369147
526	0.04382269
527	0.04364264
528	0.04351598
529	0.0435175151
530	0.0437372476
531	0.0437128246
532	0.04369147
533	0.0436380655
534	0.04385169
535	0.04370214
536	0.04366705
537	0.0436746776
538	0.04375097
539	0.04359381
540	0.0436182171
541	0.0437372476
542	0.04370062
543	0.0437036753
544	0.0436762124
545	0.0438760966
546	0.0438013375
547	0.0437921733
548	0.0438120067
549	0.0436289
550	0.0438638926
551	0.0438715219
552	0.0436807871
553	0.043744877
554	0.0436090678
555	0.0437601358
556	0.0437936932
557	0.0437616557
558	0.0435983837
559	0.0436060131
560	0.04371436
561	0.04363653
562	0.0435983837
563	0.0435663462
564	0.0436884165
565	0.0437341928
566	0.0436716229
567	0.04385321
568	0.04369299
569	0.0438486338
570	0.04370977
571	0.0436136425
572	0.04372199
573	0.04364416
574	0.04369147
575	0.04358007
576	0.0435770154
577	0.0436380655
578	0.0437540263
579	0.0435739756
580	0.043581605
581	0.043744877
582	0.04377234
583	0.0436243266
584	0.04368384
585	0.04365027
586	0.04366705
587	0.0436609536
588	0.04372351
589	0.04351446
590	0.04358007
591	0.04351598
592	0.04356481
593	0.0437189341
594	0.0437906533
595	0.0437433422
596	0.04353887
597	0.04375097
598	0.0435907543
599	0.04350072
600	0.0436579
601	0.04369451
602	0.0437280834
603	0.0437540263
604	0.0437753946
605	0.0438288
606	0.0437372476
607	0.0437433422
608	0.04358618
609	0.0437433422
610	0.04372962
611	0.0435495526
612	0.0435617566
613	0.0436258465
614	0.0437265635
615	0.04362738
616	0.0437402874
617	0.0435617566
618	0.0434885174
619	0.0436060131
620	0.0436395854
621	0.043557182
622	0.0436304361
623	0.0436075479
624	0.04363653
625	0.04365027
626	0.0435587168
627	0.04360144
628	0.0434854627
629	0.0435602367
630	0.0436716229
631	0.04357092
632	0.04374945
633	0.0436975658
634	0.04372199
635	0.0435251445
636	0.0435602367
637	0.04346411
638	0.0436258465
639	0.0437433422
640	0.0436136425
641	0.04358618
642	0.0436456949
643	0.043732658
644	0.04351598
645	0.0437540263
646	0.0435877
647	0.04372962
648	0.0435877
649	0.0436777323
650	0.0435922742
</Group>
</Session>
