<Session>
Acquisition 1 2017-07-12 16:23:44
<Group>
Detector1
2
401		401	
D1 300:250-650	T636354682363126691	D1 300:250-650 [COR]	T636354682363126693
X	Y	X	Y
250	-667.5426	250	-46066.18
251	-592.5315	251	-44799.0039
252	-628.5369	252	-51661.96
253	-604.5333	253	-50683.76
254	-642.539	254	-54684.26
255	-678.5441	255	-57483.8164
256	-654.5408	256	-55363.4141
257	-620.535767	257	-49676.11
258	-627.5368	258	-47448.5469
259	-609.5341	259	-46195.8672
260	-564.527039	260	-42830.17
261	-585.5304	261	-44268.4961
262	-626.5367	262	-47283.22
263	-577.5291	263	-41798.0547
264	-570.528	264	-39469.875
265	-582.5299	265	-40597.2773
266	-551.5249	266	-38673.1172
267	-635.537964	267	-43428.9336
268	-588.5308	268	-39098.07
269	-627.5368	269	-40552.8438
270	-682.5447	270	-42952.9375
271	-645.5394	271	-42267.7
272	-592.5315	272	-40077.1758
273	-535.5223	273	-35607.33
274	-627.5368	274	-40798.5039
275	-555.5256	275	-35357.5234
276	-604.5333	276	-37665.9922
277	-546.5241	277	-33302.42
278	-650.540161	278	-39027.51
279	-571.528137	279	-34016.02
280	-616.535156	280	-36566.6445
281	-626.5367	281	-36770.01
282	-566.527344	282	-33113.2773
283	-515.51886	283	-29573.3047
284	-568.527649	284	-31977.6816
285	-632.537537	285	-35578.75
286	-615.535034	286	-34786.2422
287	-627.5368	287	-34786.5
288	-651.540344	288	-35368.5664
289	-691.5459	289	-36360.88
290	-582.5299	290	-29478.19
291	-583.5301	291	-29545.2383
292	-575.5288	292	-29196.0957
293	-631.5374	293	-32077.248
294	-582.5299	294	-29586.5488
295	-566.527344	295	-28383.5059
296	-584.5302	296	-28995.8262
297	-523.520264	297	-25623.8379
298	-592.5315	298	-28885.0215
299	-529.52124	299	-25233.0645
300	-500.5163	300	-23406.6758
301	-229.46167	301	-10843.9512
302	95.62305	302	4565.923
303	-79.42517	303	-3811.20825
304	-184.4513	304	-8853.309
305	-447.506775	305	-21429.0742
306	-547.524231	306	-26230.0273
307	-634.537842	307	-30339.9531
308	-580.5296	308	-27459.9746
309	-496.515564	309	-23264.3887
310	-599.532532	310	-27804.9883
311	-660.5416	311	-30518.3965
312	-551.5249	312	-25283.6641
313	-607.5338	313	-27489.25
314	-551.5249	314	-24492.5156
315	-559.526245	315	-25014.623
316	-605.5335	316	-27069.7422
317	-558.526062	317	-24732.2637
318	-613.5347	318	-26978.6367
319	-587.5307	319	-25363.06
320	-588.5308	320	-25044.1777
321	-629.5371	321	-26696.7285
322	-537.5226	322	-22648.38
323	-591.5313	323	-24839.65
324	-550.5248	324	-23110.44
325	-588.5308	325	-24556.3574
326	-534.5221	326	-22156.0957
327	-546.5241	327	-22693.6445
328	-615.535034	328	-25535.6914
329	-542.523438	329	-22299.5664
330	-565.5272	330	-22909.2988
331	-622.5361	331	-25290.2422
332	-621.5359	332	-25170.0078
333	-581.5297	333	-23732.248
334	-581.5297	334	-23922.05
335	-570.528	335	-23232.95
336	-616.535156	336	-24778.9238
337	-558.526062	337	-22508.6543
338	-589.531	338	-23865.166
339	-573.5285	339	-23129.959
340	-635.537964	340	-25467.21
341	-629.5371	341	-25320.0273
342	-551.5249	342	-22188.2852
343	-637.538269	343	-25554.9668
344	-524.5204	344	-21039.48
345	-623.5362	345	-25057.43
346	-583.5301	346	-23513.76
347	-574.5286	347	-22925.1367
348	-609.5341	348	-24169.084
349	-588.5308	349	-23044.8848
350	-673.543457	350	-26029.6738
351	-563.526855	351	-21663.4023
352	-616.535156	352	-23628.54
353	-581.5297	353	-22108.2559
354	-681.544556	354	-25663.45
355	-612.534546	355	-23196.72
356	-607.5338	356	-22982.86
357	-532.5218	357	-20119.832
358	-659.541443	358	-24782.3
359	-565.5272	359	-21047.7051
360	-622.5361	360	-22927.5352
361	-567.5275	361	-21025.3066
362	-648.539856	362	-23967.877
363	-642.539	363	-23709.4336
364	-629.5371	364	-23149.0234
365	-615.535034	365	-22605.9043
366	-631.5374	366	-23148.4941
367	-626.5367	367	-22929.4082
368	-569.527832	368	-20798.9863
369	-534.5221	369	-19597.498
370	-712.5487	370	-26051.4238
371	-587.5307	371	-21403.3828
372	-673.543457	372	-24673.6367
373	-615.535034	373	-22554.1621
374	-641.5389	374	-23465.209
375	-586.5305	375	-21513.2266
376	-564.527039	376	-20753.7988
377	-561.52655	377	-20761.4844
378	-711.5486	378	-26457.2559
379	-596.5321	379	-22080.918
380	-653.5406	380	-24059.22
381	-601.532837	381	-22012.95
382	-612.534546	382	-22306.2734
383	-628.5369	383	-22938.7988
384	-634.537842	384	-23189.6641
385	-661.541748	385	-24123.04
386	-647.539734	386	-23709.6484
387	-559.526245	387	-20283.44
388	-646.5396	388	-23307.0762
389	-531.5216	389	-19071.4
390	-608.533936	390	-21881.1582
391	-563.526855	391	-20248.1914
392	-603.5332	392	-21642.7969
393	-650.540161	393	-23305.8711
394	-553.525269	394	-19800.0234
395	-622.5361	395	-22146.88
396	-658.5413	396	-23256.5957
397	-627.5368	397	-22212.4316
398	-689.545654	398	-24458.9941
399	-581.5297	399	-20531.7051
400	-705.5478	400	-24848.916
401	-536.522461	401	-18743.9023
402	-595.5319	402	-20790.4414
403	-677.544	403	-23625.6367
404	-593.5316	404	-20634.4512
405	-620.535767	405	-21632.9746
406	-571.528137	406	-19813.2051
407	-699.547	407	-24322.502
408	-638.538452	408	-22146.5742
409	-690.5458	409	-23964.0684
410	-627.5368	410	-21687.498
411	-619.5356	411	-21372.6543
412	-628.5369	412	-21605.0938
413	-649.540039	413	-22284.4688
414	-681.544556	414	-23367.93
415	-651.540344	415	-22271.84
416	-600.5327	416	-20412.26
417	-662.5419	417	-22486.98
418	-596.5321	418	-20321.3516
419	-618.535461	419	-20902.6074
420	-594.5318	420	-20058.55
421	-622.5361	421	-21028.3242
422	-603.5332	422	-20528.668
423	-629.5371	423	-21425.9883
424	-577.5291	424	-19755.51
425	-648.539856	425	-22105.9629
426	-654.5408	426	-22252.93
427	-631.5374	427	-21542.21
428	-592.5315	428	-20144.1875
429	-633.5377	429	-21620.52
430	-623.5362	430	-21233.7031
431	-678.5441	431	-23166.2422
432	-648.539856	432	-22279.6543
433	-646.5396	433	-22282.4316
434	-636.538147	434	-21999.71
435	-625.5365	435	-21671.748
436	-622.5361	436	-21640.8574
437	-625.5365	437	-21856.8926
438	-607.5338	438	-21264.71
439	-572.5283	439	-20114.9531
440	-697.546753	440	-24467.47
441	-597.5322	441	-21010.8418
442	-625.5365	442	-22283.9961
443	-624.5364	443	-22242.42
444	-647.539734	444	-23090.1348
445	-629.5371	445	-22525.8887
446	-633.5377	446	-22729.0859
447	-567.5275	447	-20469.4434
448	-662.5419	448	-23982.7754
449	-595.5319	449	-21566.64
450	-542.523438	450	-19669.3223
451	-609.5341	451	-22215.7
452	-623.5362	452	-22758.47
453	-674.5436	453	-24719.2422
454	-567.5275	454	-20789.0234
455	-587.5307	455	-21626.7637
456	-664.5422	456	-24597.65
457	-631.5374	457	-23451.6777
458	-667.5426	458	-24853.87
459	-605.5335	459	-22612.8125
460	-684.545	460	-25565.1953
461	-643.5392	461	-24142.6074
462	-689.545654	462	-26062.2539
463	-668.5427	463	-25328.8359
464	-568.527649	464	-21653.2168
465	-667.5426	465	-25593.97
466	-588.5308	466	-22603.9688
467	-598.5324	467	-23082.0977
468	-564.527039	468	-21798.1836
469	-620.535767	469	-24071.582
470	-603.5332	470	-23538.4922
471	-645.5394	471	-25283.7441
472	-610.534241	472	-24049.5254
473	-608.533936	473	-24023.002
474	-575.5288	474	-22891.2168
475	-652.540466	475	-26080.1777
476	-670.543	476	-27036.4473
477	-587.5307	477	-23821.07
478	-555.5256	478	-22662.9961
479	-658.5413	479	-26901.1582
480	-716.549255	480	-29361.3086
481	-698.5469	481	-28835.9727
482	-717.5494	482	-29794.1719
483	-651.540344	483	-26977.3066
484	-663.542053	484	-27560.8418
485	-670.543	485	-27991.5762
486	-618.535461	486	-25981.8887
487	-552.5251	487	-23327.2559
488	-631.5374	488	-26890.06
489	-663.542053	489	-28372.168
490	-691.5459	490	-29665.7324
491	-589.531	491	-25455.93
492	-562.526733	492	-24448.5156
493	-713.5489	493	-31089.9316
494	-641.5389	494	-28125.42
495	-626.5367	495	-27627.6289
496	-591.5313	496	-26301.8
497	-552.5251	497	-24666.26
498	-641.5389	498	-28979.6719
499	-578.5293	499	-26204.832
500	-641.5389	500	-29245.16
501	-589.531	501	-26934.84
502	-558.526062	502	-25591.2559
503	-557.5259	503	-25700.3555
504	-637.538269	504	-29467.7832
505	-644.5393	505	-29952.8555
506	-588.5308	506	-27399.1777
507	-651.540344	507	-30685.9023
508	-620.535767	508	-29425.4063
509	-626.5367	509	-30006.0879
510	-562.526733	510	-26968.7773
511	-683.5448	511	-32894.2227
512	-627.5368	512	-30273.5469
513	-611.5344	513	-29727.5742
514	-656.541	514	-32271.2871
515	-649.540039	515	-31966.2988
516	-633.5377	516	-31360.77
517	-649.540039	517	-32281.1934
518	-676.5439	518	-33906.42
519	-590.5312	519	-29671.5742
520	-553.525269	520	-27995.3418
521	-572.5283	521	-29093.0488
522	-600.5327	522	-30631.543
523	-637.538269	523	-32676.0879
524	-618.535461	524	-32054.12
525	-702.5474	525	-36647.332
526	-619.5356	526	-32487.2246
527	-638.538452	527	-33732.6836
528	-615.535034	528	-32707.5137
529	-724.5503	529	-38856.8672
530	-690.5458	530	-37254.9023
531	-655.5409	531	-35530.74
532	-644.5393	532	-35129.13
533	-587.5307	533	-32172.3574
534	-581.5297	534	-31868.9531
535	-722.550049	535	-39981.3164
536	-650.540161	536	-36187.8
537	-653.5406	537	-36563.5469
538	-670.543	538	-37779.2852
539	-686.5452	539	-39066.77
540	-581.5297	540	-32978.7969
541	-675.5437	541	-38542.05
542	-636.538147	542	-36475.97
543	-658.5413	543	-37853.5156
544	-661.541748	544	-38298.3828
545	-665.5423	545	-38674.31
546	-514.518738	546	-30089.1777
547	-635.537964	547	-37242.5859
548	-626.5367	548	-36936.7539
549	-583.5301	549	-34642.4063
550	-637.538269	550	-38002.9063
551	-659.541443	551	-39529.74
552	-597.5322	552	-36003.2031
553	-674.5436	553	-40756.875
554	-640.5387	554	-38895.5156
555	-655.5409	555	-40110.9727
556	-726.550537	556	-44763.875
557	-639.5386	557	-39612.38
558	-632.537537	558	-39486.5625
559	-645.5394	559	-40425.707
560	-542.523438	560	-34156.375
561	-626.5367	561	-39879.25
562	-606.5336	562	-38776.3828
563	-721.5499	563	-46612.5156
564	-616.535156	564	-40028.61
565	-601.532837	565	-39304.6055
566	-684.545	566	-45104.6133
567	-669.5429	567	-44557.28
568	-631.5374	568	-42409.4258
569	-683.5448	569	-46157.8867
570	-656.541	570	-44454.0156
571	-601.532837	571	-41225.6055
572	-709.54834	572	-49036.6055
573	-620.535767	573	-43156.17
574	-614.534851	574	-42701.4766
575	-627.5368	575	-44039.3555
576	-622.5361	576	-43896.4
577	-611.5344	577	-43411.77
578	-698.5469	578	-49863.0234
579	-605.5335	579	-43474.8672
580	-643.5392	580	-46503.62
581	-634.537842	581	-46039.9063
582	-545.5239	582	-39669.0547
583	-668.5427	583	-48889.6172
584	-622.5361	584	-45955.9961
585	-658.5413	585	-48855.05
586	-654.5408	586	-48740.94
587	-695.546448	587	-51995.79
588	-636.538147	588	-47838.0078
589	-571.528137	589	-43189.92
590	-706.5479	590	-53796.6445
591	-568.527649	591	-43593.43
592	-660.5416	592	-50921.2422
593	-633.5377	593	-49219.1875
594	-684.545	594	-53266.65
595	-698.5469	595	-54671.4766
596	-702.5474	596	-55206.0039
597	-724.5503	597	-57369.707
598	-587.5307	598	-46970.34
599	-679.54425	599	-54796.918
600	-714.549	600	-58119.3867
601	-671.543152	601	-54833.05
602	-615.535034	602	-50570.9531
603	-661.541748	603	-55001.293
604	-691.5459	604	-57779.37
605	-622.5361	605	-52224.1875
606	-640.5387	606	-54135.043
607	-666.5425	607	-56781.72
608	-644.5393	608	-55485.42
609	-691.5459	609	-59973.7656
610	-683.5448	610	-59886.2461
611	-622.5361	611	-54905.85
612	-681.544556	612	-60682.4648
613	-732.551331	613	-65649.53
614	-698.5469	614	-63065.0859
615	-598.5324	615	-54513.91
616	-640.5387	616	-58973.68
617	-628.5369	617	-58290.9961
618	-608.533936	618	-56842.832
619	-665.5423	619	-62796.7773
620	-689.545654	620	-65378.09
621	-629.5371	621	-60127.45
622	-614.534851	622	-59274.16
623	-664.5422	623	-64508.2734
624	-566.527344	624	-55348.2539
625	-652.540466	625	-64293.4063
626	-618.535461	626	-61602.5078
627	-734.5516	627	-73946.78
628	-663.542053	628	-67295.64
629	-645.5394	629	-65835.86
630	-673.543457	630	-69687.47
631	-623.5362	631	-64692.7148
632	-626.5367	632	-65623.52
633	-609.5341	633	-64409.36
634	-635.537964	634	-68110
635	-622.5361	635	-67355.23
636	-707.5481	636	-77275.9844
637	-555.5256	637	-61245.7734
638	-626.5367	638	-69673.17
639	-688.545532	639	-77167.86
640	-618.535461	640	-70042.45
641	-668.5427	641	-76410.53
642	-689.545654	642	-79347.44
643	-659.541443	643	-76729.875
644	-666.5425	644	-78168.27
645	-697.546753	645	-82680.39
646	-674.5436	646	-80625.53
647	-614.534851	647	-73936.8
648	-626.5367	648	-76093.24
649	-674.5436	649	-83001.09
650	-612.534546	650	-76133.9453
</Group>
<Group>
RCQCSignal
1
401	
ExCorr	T636354682363126692
X	Y
250	0.04374817
251	0.04374206
252	0.04374206
253	0.04361236
254	0.0436810255
255	0.0437207073
256	0.04362762
257	0.0437313765
258	0.043797
259	0.043775633
260	0.0438107252
261	0.0437680036
262	0.0436505079
263	0.04363525
264	0.0436810255
265	0.0436886549
266	0.0437466353
267	0.0436016768
268	0.043523863
269	0.04349944
270	0.04339111
271	0.04339111
272	0.0436383039
273	0.04352081
274	0.04361999
275	0.0436474532
276	0.0436581373
277	0.04377106
278	0.0435757339
279	0.0437023938
280	0.04363373
281	0.04379852
282	0.04367797
283	0.043624565
284	0.0435971022
285	0.04376343
286	0.0437237471
287	0.0436474532
288	0.0436230451
289	0.0435345471
290	0.0436718762
291	0.0436795056
292	0.04362762
293	0.04360321
294	0.04363525
295	0.0436718762
296	0.04353912
297	0.04376495
298	0.04357879
299	0.04366882
300	0.0435681045
301	0.0436657667
302	0.04376343
303	0.0436321944
304	0.0437039137
305	0.0437603742
306	0.0436947644
307	0.0434521437
308	0.0435925275
309	0.0435757339
310	0.0435879529
311	0.043574214
312	0.04373443
313	0.0436291546
314	0.0437588543
315	0.0435757339
316	0.043687135
317	0.04369782
318	0.0435955822
319	0.0437786877
320	0.0437741131
321	0.0436138958
322	0.0435818434
323	0.04374054
324	0.04376495
325	0.0437466353
326	0.04374969
327	0.0436810255
328	0.0437298566
329	0.0435803235
330	0.0436550826
331	0.0434933454
332	0.0435925275
333	0.0436016768
334	0.0435971022
335	0.0435436964
336	0.0436154157
337	0.04364136
338	0.0435894728
339	0.04361084
340	0.0437466353
341	0.0436444134
342	0.04369171
343	0.0437618941
344	0.04364136
345	0.0435757339
346	0.0434719771
347	0.0436321944
348	0.0436383039
349	0.043662712
350	0.04370545
351	0.0436856
352	0.0435681045
353	0.0435757339
354	0.0436474532
355	0.04349944
356	0.0436459333
357	0.0434445143
358	0.0434262
359	0.0434796065
360	0.04357116
361	0.0434643477
362	0.0437207073
363	0.0436459333
364	0.0436550826
365	0.0436810255
366	0.043737486
367	0.0437741131
368	0.04383515
369	0.04363525
370	0.0437298566
371	0.04388702
372	0.04364288
373	0.04366882
374	0.0437832624
375	0.043787837
376	0.04381378
377	0.0437603742
378	0.04370849
379	0.0437130779
380	0.0437588543
381	0.0438977033
382	0.043989256
383	0.0439099073
384	0.0438656658
385	0.0439862
386	0.04382904
387	0.0439480543
388	0.04387176
389	0.0440197736
390	0.04386872
391	0.04381989
392	0.043825984
393	0.0438320935
394	0.04386261
395	0.0438153148
396	0.0438473523
397	0.0437771529
398	0.0437145978
399	0.04378937
400	0.0437680036
401	0.0439236462
402	0.0437558
403	0.0438092053
404	0.04394196
405	0.0437161177
406	0.0438565
407	0.0437237471
408	0.04382752
409	0.04370697
410	0.04379241
411	0.043775633
412	0.043838203
413	0.0438809246
414	0.0438671857
415	0.0437466353
416	0.04374054
417	0.04387024
418	0.0437741131
419	0.0439327955
420	0.0438107252
421	0.0439114422
422	0.0437588543
423	0.0438336134
424	0.0437130779
425	0.0437130779
426	0.04367034
427	0.0436673
428	0.0439556837
429	0.04376495
430	0.04383515
431	0.04388702
432	0.0437786877
433	0.04377258
434	0.0437832624
435	0.04380615
436	0.0437863171
437	0.0436611921
438	0.04368408
439	0.0435818434
440	0.0437145978
441	0.0439221263
442	0.0436642468
443	0.0437100232
444	0.04369019
445	0.0436459333
446	0.043636784
447	0.043662712
448	0.0437618941
449	0.04379852
450	0.04380463
451	0.04375732
452	0.04387787
453	0.043787837
454	0.04389161
455	0.043850407
456	0.0437786877
457	0.0438153148
458	0.04387787
459	0.0438183546
460	0.04388702
461	0.04387939
462	0.04374206
463	0.04382904
464	0.04378937
465	0.0437435955
466	0.0439114422
467	0.04376343
468	0.0437390059
469	0.04375732
470	0.04374054
471	0.04380615
472	0.04380615
473	0.0438412428
474	0.04364288
475	0.04376343
476	0.04370849
477	0.04370849
478	0.0436795056
479	0.04379089
480	0.0438244641
481	0.0436581373
482	0.0435589552
483	0.04382752
484	0.04383515
485	0.0438748151
486	0.0438595563
487	0.0438397229
488	0.04367034
489	0.04373443
490	0.0438397229
491	0.04386109
492	0.0438824445
493	0.0439465344
494	0.0438488722
495	0.0438519269
496	0.0437435955
497	0.0439114422
498	0.0437359661
499	0.0437451154
500	0.0435940474
501	0.0437313765
502	0.0438412428
503	0.04373443
504	0.0437741131
505	0.04374817
506	0.04387939
507	0.0437268019
508	0.0437802076
509	0.04363373
510	0.0438732952
511	0.0438397229
512	0.04386261
513	0.04387176
514	0.0437268019
515	0.0439327955
516	0.04393585
517	0.04393585
518	0.04374206
519	0.04389161
520	0.04386413
521	0.04388702
522	0.04394959
523	0.0440594554
524	0.04389313
525	0.0438076854
526	0.0437786877
527	0.0437542647
528	0.043797
529	0.04368256
530	0.04370849
531	0.0437115431
532	0.0436733961
533	0.0436947644
534	0.0438855
535	0.04374817
536	0.043800056
537	0.0437802076
538	0.0437023938
539	0.0434033126
540	0.04368408
541	0.04373443
542	0.04385498
543	0.0439144969
544	0.0437954664
545	0.043850407
546	0.04378937
547	0.0439327955
548	0.043900758
549	0.0438336134
550	0.04389313
551	0.04389313
552	0.0438992381
553	0.0440167338
554	0.0440365672
555	0.0440350324
556	0.04406251
557	0.0440991223
558	0.04402283
559	0.0441540629
560	0.04418762
561	0.0440533459
562	0.0442044139
563	0.0440304577
564	0.0440930277
565	0.0441326946
566	0.0440823436
567	0.04405488
568	0.04406403
569	0.04407777
570	0.0442166179
571	0.04408844
572	0.04412201
573	0.04399231
574	0.04417847
575	0.0440289378
576	0.04410523
577	0.04406403
578	0.0440747142
579	0.0441265851
580	0.0441464335
581	0.044190675
582	0.0443158
583	0.0443615764
584	0.0442379862
585	0.0442135632
586	0.04424104
587	0.044253245
588	0.04420136
589	0.04419984
590	0.0441082865
591	0.04410523
592	0.0441738963
593	0.0441388041
594	0.04437378
595	0.0442608744
596	0.0442257822
597	0.0442227274
598	0.04412812
599	0.0440854
600	0.0440396219
601	0.0441830456
602	0.0442227274
603	0.044051826
604	0.0441861
605	0.04425171
606	0.0441662669
607	0.0442318767
608	0.0441815257
609	0.044253245
610	0.0441983044
611	0.04423341
612	0.0441418439
613	0.0442257822
614	0.0442685038
615	0.0442623943
616	0.0441647321
617	0.0441632122
618	0.0441632122
619	0.0440533459
620	0.04417084
621	0.04418762
622	0.0440914929
623	0.0441815257
624	0.04426697
625	0.0442883372
626	0.0442044139
627	0.044102177
628	0.04414338
629	0.0443158
630	0.0440945476
631	0.0442959666
632	0.0441983044
633	0.0443112254
634	0.0441861
635	0.04419373
636	0.044202894
637	0.0441952646
638	0.0442181528
639	0.04424867
640	0.0441632122
641	0.04412812
642	0.04419984
643	0.0441555828
644	0.04423645
645	0.0441555828
646	0.04417236
647	0.0442242473
648	0.0441479534
649	0.04406251
650	0.0441036969
</Group>
</Session>
